    1.00     9.7980    32.9021    25.3477                                       
    2.00     9.8230    32.8990    25.3410                                       
    3.00     9.8170    32.9004    25.3431                                       
    4.00     9.8160    32.9007    25.3435                                       
    5.00     9.8180    32.9017    25.3441                                       
    6.00     9.8180    32.9024    25.3446                                       
    7.00     9.8190    32.9042    25.3458                                       
    8.00     9.8200    32.9053    25.3466                                       
    9.00     9.8190    32.9059    25.3472                                       
   10.00     9.8200    32.9058    25.3470                                       
   11.00     9.8200    32.9071    25.3481                                       
   12.00     9.8190    32.9084    25.3493                                       
   13.00     9.8180    32.9079    25.3490                                       
   14.00     9.8150    32.9074    25.3491                                       
   15.00     9.8110    32.9071    25.3496                                       
   16.00     9.8080    32.9083    25.3510                                       
   17.00     9.8050    32.9074    25.3509                                       
   18.00     9.8050    32.9073    25.3509                                       
   19.00     9.8030    32.9078    25.3517                                       
   20.00     9.8040    32.9125    25.3551                                       
   21.00     9.8040    32.9151    25.3572                                       
   22.00     9.7990    32.9195    25.3614                                       
   23.00     9.7960    32.9296    25.3697                                       
   24.00     9.8060    32.9360    25.3732                                       
   25.00     9.8130    32.9393    25.3746                                       
   26.00     9.8130    32.9349    25.3712                                       
   27.00     9.7850    32.9300    25.3721                                       
   28.00     9.7840    32.9381    25.3785                                       
   29.00     9.8080    32.9450    25.3800                                       
   30.00     9.8230    32.9430    25.3759                                       
   31.00     9.8240    32.9464    25.3784                                       
   32.00     9.8370    32.9542    25.3824                                       
   33.00     9.8490    32.9544    25.3807                                       
   34.00     9.8490    32.9555    25.3815                                       
   35.00     9.8490    32.9549    25.3810                                       
   36.00     9.8510    32.9559    25.3816                                       
   37.00     9.8520    32.9549    25.3805                                       
   38.00     9.8520    32.9564    25.3818                                       
   39.00     9.8530    32.9590    25.3837                                       
   40.00     9.8590    32.9656    25.3878                                       
   41.00     9.8680    32.9688    25.3888                                       
   42.00     9.8800    32.9725    25.3897                                       
   43.00     9.8960    32.9781    25.3916                                       
   44.00     9.9070    32.9827    25.3933                                       
   45.00     9.9090    32.9855    25.3951                                       
   46.00     9.9010    32.9846    25.3958                                       
   47.00     9.8940    32.9855    25.3976                                       
   48.00     9.8910    32.9895    25.4013                                       
   49.00     9.8900    32.9940    25.4050                                       
   50.00     9.8890    32.9984    25.4086                                       
   51.00     9.8890    33.0023    25.4117                                       
   52.00     9.8900    33.0099    25.4174                                       
   53.00     9.8950    33.0203    25.4248                                       
   54.00     9.8990    33.0287    25.4307                                       
   55.00     9.9020    33.0375    25.4371                                       
   56.00     9.9030    33.0431    25.4413                                       
   57.00     9.8920    33.0473    25.4465                                       
   58.00     9.8730    33.0492    25.4512                                       
   59.00     9.8890    33.0824    25.4744                                       
   60.00     9.9280    33.0939    25.4770                                       
   61.00     9.9310    33.0950    25.4774                                       
   62.00     9.9310    33.0965    25.4785                                       
   63.00     9.9330    33.0978    25.4792                                       
   64.00     9.9360    33.1004    25.4808                                       
   65.00     9.9390    33.1009    25.4807                                       
   66.00     9.9390    33.1024    25.4817                                       
   67.00     9.9410    33.1034    25.4822                                       
   68.00     9.9530    33.1093    25.4849                                       
   69.00     9.9750    33.1172    25.4874                                       
   70.00     9.9930    33.1168    25.4842                                       
   71.00    10.0260    33.1371    25.4945                                       
   72.00    10.0980    33.1698    25.5080                                       
   73.00    10.2470    33.2441    25.5407                                       
   74.00    10.3390    33.2737    25.5483                                       
   75.00    10.3650    33.3024    25.5662                                       
   76.00    10.3730    33.3130    25.5731                                       
   77.00    10.3840    33.3234    25.5793                                       
   78.00    10.3850    33.3257    25.5809                                       
   79.00    10.3810    33.3282    25.5836                                       
   80.00    10.3840    33.3395    25.5918                                       
   81.00    10.3960    33.3470    25.5957                                       
   82.00    10.3910    33.3526    25.6009                                       
   83.00    10.3950    33.3551    25.6022                                       
   84.00    10.3950    33.3549    25.6020                                       
   85.00    10.3960    33.3581    25.6044                                       
   86.00    10.4010    33.3621    25.6067                                       
   87.00    10.3980    33.3660    25.6104                                       
   88.00    10.3950    33.3708    25.6146                                       
   89.00    10.3970    33.3729    25.6159                                       
   90.00    10.3970    33.3772    25.6192                                       
   91.00    10.3960    33.3829    25.6238                                       
   92.00    10.3970    33.3897    25.6290                                       
   93.00    10.3970    33.3976    25.6351                                       
   94.00    10.3960    33.4036    25.6401                                       
   95.00    10.3950    33.4083    25.6439                                       
   96.00    10.3950    33.4111    25.6462                                       
   97.00    10.3950    33.4133    25.6480                                       
   98.00    10.3930    33.4138    25.6486                                       
   99.00    10.3940    33.4210    25.6540                                       
  100.00    10.3980    33.4325    25.6625                                       
  101.00    10.4010    33.4484    25.6744                                       
  102.00    10.4010    33.4634    25.6861                                       
  103.00    10.4010    33.4696    25.6909                                       
  104.00    10.4000    33.4725    25.6932                                       
  105.00    10.4000    33.4766    25.6965                                       
  106.00    10.4000    33.4834    25.7019                                       
  107.00    10.3990    33.4963    25.7122                                       
  108.00    10.3990    33.5047    25.7187                                       
  109.00    10.4010    33.5125    25.7244                                       
  110.00    10.4070    33.5532    25.7552                                       
  111.00    10.4010    33.5844    25.7806                                       
  112.00    10.3940    33.5957    25.7905                                       
  113.00    10.3880    33.6031    25.7974                                       
  114.00    10.3800    33.6137    25.8072                                       
  115.00    10.3700    33.6271    25.8194                                       
  116.00    10.3660    33.6323    25.8241                                       
  117.00    10.3660    33.6317    25.8237                                       
  118.00    10.3650    33.6318    25.8238                                       
  119.00    10.3660    33.6313    25.8233                                       
  120.00    10.3670    33.6321    25.8238                                       
  121.00    10.3670    33.6323    25.8240                                       
  122.00    10.3680    33.6324    25.8240                                       
  123.00    10.3670    33.6333    25.8248                                       
  124.00    10.3670    33.6339    25.8253                                       
  125.00    10.3670    33.6377    25.8282                                       
  126.00    10.3640    33.6442    25.8339                                       
  127.00    10.3550    33.6556    25.8443                                       
  128.00    10.3510    33.6586    25.8474                                       
  129.00    10.3430    33.6663    25.8547                                       
  130.00    10.3400    33.6697    25.8580                                       
  131.00    10.3390    33.6708    25.8591                                       
  132.00    10.3370    33.6727    25.8609                                       
  133.00    10.3360    33.6742    25.8623                                       
  134.00    10.3350    33.6761    25.8639                                       
  135.00    10.3220    33.6868    25.8744                                       
  136.00    10.3140    33.6930    25.8807                                       
  137.00    10.3110    33.6966    25.8842                                       
  138.00    10.3110    33.6961    25.8838                                       
  139.00    10.3090    33.6985    25.8860                                       
  140.00    10.3060    33.7015    25.8888                                       
  141.00    10.3060    33.7015    25.8887                                       
  142.00    10.3060    33.7021    25.8894                                       
  143.00    10.3040    33.7045    25.8916                                       
  144.00    10.3010    33.7074    25.8943                                       
  145.00    10.2960    33.7120    25.8987                                       
  146.00    10.2970    33.7111    25.8979                                       
  147.00    10.2950    33.7137    25.9004                                       
  148.00    10.2950    33.7137    25.9003                                       
  149.00    10.2950    33.7143    25.9009                                       
  150.00    10.2960    33.7133    25.8999                                       
  151.00    10.2940    33.7156    25.9021                                       
  152.00    10.2930    33.7171    25.9034                                       
  153.00    10.2960    33.7143    25.9008                                       
  154.00    10.2950    33.7143    25.9008                                       
  155.00    10.2960    33.7144    25.9009                                       
  156.00    10.2950    33.7149    25.9014                                       
  157.00    10.2940    33.7162    25.9026                                       
  158.00    10.2910    33.7200    25.9062                                       
  159.00    10.2870    33.7253    25.9109                                       
  160.00    10.2850    33.7278    25.9133                                       
  161.00    10.2840    33.7303    25.9154                                       
  162.00    10.2840    33.7315    25.9164                                       
  163.00    10.2830    33.7334    25.9181                                       
  164.00    10.2820    33.7361    25.9204                                       
  165.00    10.2800    33.7408    25.9244                                       
  166.00    10.2800    33.7411    25.9247                                       
  167.00    10.2800    33.7410    25.9247                                       
  168.00    10.2800    33.7420    25.9255                                       
  169.00    10.2800    33.7415    25.9250                                       
  170.00    10.2810    33.7400    25.9237                                       
  171.00    10.2810    33.7410    25.9246                                       
  172.00    10.2810    33.7411    25.9247                                       
  173.00    10.2810    33.7404    25.9241                                       
  174.00    10.2810    33.7405    25.9242                                       
  175.00    10.2810    33.7408    25.9243                                       
  176.00    10.2810    33.7411    25.9247                                       
  177.00    10.2810    33.7420    25.9254                                       
  178.00    10.2810    33.7425    25.9258                                       
  179.00    10.2810    33.7437    25.9268                                       
  180.00    10.2800    33.7445    25.9276                                       
  181.00    10.2810    33.7420    25.9254                                       
  182.00    10.2820    33.7425    25.9257                                       
  183.00    10.2810    33.7422    25.9256                                       
  184.00    10.2820    33.7422    25.9256                                       
  185.00    10.2810    33.7441    25.9272                                       
  186.00    10.2810    33.7446    25.9276                                       
  187.00    10.2810    33.7440    25.9271                                       
  188.00    10.2820    33.7429    25.9262                                       
  189.00    10.2820    33.7427    25.9260                                       
  190.00    10.2820    33.7420    25.9254                                       
  191.00    10.2830    33.7419    25.9253                                       
  192.00    10.2830    33.7423    25.9257                                       
  193.00    10.2830    33.7422    25.9256                                       
  194.00    10.2820    33.7440    25.9270                                       
  195.00    10.2810    33.7472    25.9298                                       
  196.00    10.2810    33.7476    25.9302                                       
  197.00    10.2810    33.7470    25.9296                                       
  198.00    10.2810    33.7480    25.9305                                       
  199.00    10.2810    33.7480    25.9305                                       
  200.00    10.2810    33.7476    25.9302                                       
  201.00    10.2820    33.7474    25.9300                                       
  202.00    10.2810    33.7478    25.9304                                       
  203.00    10.2820    33.7477    25.9303                                       
  204.00    10.2820    33.7471    25.9298                                       
  205.00    10.2820    33.7467    25.9294                                       
  206.00    10.2820    33.7472    25.9298                                       
  207.00    10.2820    33.7478    25.9303                                       
  208.00    10.2820    33.7479    25.9304                                       
  209.00    10.2820    33.7481    25.9306                                       
  210.00    10.2820    33.7493    25.9316                                       
  211.00    10.2820    33.7495    25.9318                                       
  212.00    10.2820    33.7500    25.9322                                       
  213.00    10.2820    33.7497    25.9320                                       
  214.00    10.2820    33.7500    25.9323                                       
  215.00    10.2820    33.7495    25.9318                                       
  216.00    10.2820    33.7497    25.9320                                       
  217.00    10.2820    33.7499    25.9321                                       
  218.00    10.2820    33.7494    25.9318                                       
  219.00    10.2830    33.7495    25.9318                                       
  220.00    10.2830    33.7495    25.9319                                       
  221.00    10.2820    33.7494    25.9319                                       
