    1.00     9.8780    32.6336    25.1247                                       
    2.00     9.8940    32.6397    25.1270                                       
    3.00     9.9260    32.6421    25.1236                                       
    4.00     9.9380    32.6412    25.1209                                       
    5.00     9.9390    32.6402    25.1200                                       
    6.00     9.9370    32.6379    25.1185                                       
    7.00     9.9380    32.6395    25.1196                                       
    8.00     9.9440    32.6394    25.1185                                       
    9.00     9.9350    32.6379    25.1189                                       
   10.00     9.9370    32.6388    25.1193                                       
   11.00     9.9400    32.6393    25.1193                                       
   12.00     9.9360    32.6384    25.1192                                       
   13.00     9.9320    32.6389    25.1203                                       
   14.00     9.9420    32.6427    25.1216                                       
   15.00     9.9540    32.6442    25.1207                                       
   16.00     9.9510    32.6442    25.1213                                       
   17.00     9.9530    32.6446    25.1212                                       
   18.00     9.9550    32.6469    25.1228                                       
   19.00     9.9520    32.6453    25.1221                                       
   20.00     9.9560    32.6486    25.1239                                       
   21.00     9.9750    32.6583    25.1284                                       
   22.00     9.9890    32.6695    25.1348                                       
   23.00    10.0000    32.6680    25.1319                                       
   24.00    10.0020    32.6740    25.1363                                       
   25.00    10.0080    32.6755    25.1365                                       
   26.00    10.0090    32.6764    25.1369                                       
   27.00    10.0090    32.6772    25.1376                                       
   28.00    10.0090    32.6757    25.1365                                       
   29.00    10.0100    32.6768    25.1372                                       
   30.00    10.0100    32.6769    25.1372                                       
   31.00    10.0100    32.6773    25.1375                                       
   32.00    10.0110    32.6786    25.1384                                       
   33.00    10.0140    32.6793    25.1386                                       
   34.00    10.0140    32.6789    25.1382                                       
   35.00    10.0140    32.6792    25.1385                                       
   36.00    10.0130    32.6795    25.1389                                       
   37.00    10.0190    32.6827    25.1404                                       
   38.00    10.0280    32.6898    25.1445                                       
   39.00    10.0350    32.6911    25.1443                                       
   40.00    10.0370    32.6925    25.1451                                       
   41.00    10.0450    32.6976    25.1478                                       
   42.00    10.0610    32.7100    25.1549                                       
   43.00    10.0880    32.7373    25.1715                                       
   44.00    10.1530    32.7793    25.1935                                       
   45.00    10.1740    32.7881    25.1969                                       
   46.00    10.2200    32.8265    25.2190                                       
   47.00    10.2370    32.8355    25.2233                                       
   48.00    10.2480    32.8455    25.2292                                       
   49.00    10.2590    32.8512    25.2317                                       
   50.00    10.2750    32.8621    25.2376                                       
   51.00    10.2760    32.8622    25.2376                                       
   52.00    10.2780    32.8621    25.2372                                       
   53.00    10.2780    32.8628    25.2378                                       
   54.00    10.2820    32.8663    25.2398                                       
   55.00    10.2850    32.8677    25.2403                                       
   56.00    10.2920    32.8783    25.2476                                       
   57.00    10.3250    32.9101    25.2667                                       
   58.00    10.3420    32.9255    25.2757                                       
   59.00    10.3590    32.9339    25.2795                                       
   60.00    10.3550    32.9286    25.2761                                       
   61.00    10.3490    32.9234    25.2731                                       
   62.00    10.3520    32.9269    25.2754                                       
   63.00    10.3620    32.9351    25.2800                                       
   64.00    10.3620    32.9330    25.2784                                       
   65.00    10.3630    32.9346    25.2794                                       
   66.00    10.3610    32.9328    25.2785                                       
   67.00    10.3550    32.9238    25.2725                                       
   68.00    10.3590    32.9324    25.2784                                       
   69.00    10.3660    32.9364    25.2805                                       
   70.00    10.3670    32.9354    25.2796                                       
   71.00    10.3650    32.9357    25.2802                                       
   72.00    10.3700    32.9390    25.2819                                       
   73.00    10.3720    32.9419    25.2839                                       
   74.00    10.3760    32.9456    25.2860                                       
   75.00    10.3820    32.9502    25.2887                                       
   76.00    10.3950    32.9609    25.2947                                       
   77.00    10.3900    32.9589    25.2941                                       
   78.00    10.3900    32.9593    25.2944                                       
   79.00    10.4010    32.9699    25.3007                                       
   80.00    10.3910    32.9612    25.2957                                       
   81.00    10.4060    32.9782    25.3065                                       
   82.00    10.4330    33.0160    25.3313                                       
   83.00    10.4340    33.0178    25.3327                                       
   84.00    10.4350    33.0197    25.3339                                       
   85.00    10.4380    33.0219    25.3352                                       
   86.00    10.4390    33.0221    25.3351                                       
   87.00    10.4410    33.0259    25.3377                                       
   88.00    10.4580    33.0407    25.3465                                       
   89.00    10.5030    33.0759    25.3661                                       
   90.00    10.4920    33.0703    25.3638                                       
   91.00    10.4850    33.0634    25.3595                                       
   92.00    10.4970    33.0695    25.3623                                       
   93.00    10.5140    33.0847    25.3712                                       
   94.00    10.5210    33.0902    25.3743                                       
   95.00    10.5210    33.0906    25.3747                                       
   96.00    10.5230    33.0917    25.3751                                       
   97.00    10.5280    33.0956    25.3773                                       
   98.00    10.5330    33.1005    25.3802                                       
   99.00    10.5360    33.1034    25.3821                                       
  100.00    10.5460    33.1100    25.3854                                       
  101.00    10.5470    33.1096    25.3851                                       
  102.00    10.5570    33.1189    25.3906                                       
  103.00    10.5570    33.1178    25.3899                                       
  104.00    10.5560    33.1157    25.3883                                       
  105.00    10.5570    33.1194    25.3911                                       
  106.00    10.5660    33.1253    25.3942                                       
  107.00    10.5770    33.1360    25.4006                                       
  108.00    10.5880    33.1432    25.4043                                       
  109.00    10.5890    33.1444    25.4051                                       
  110.00    10.5870    33.1417    25.4033                                       
  111.00    10.5840    33.1394    25.4021                                       
  112.00    10.5810    33.1365    25.4004                                       
  113.00    10.5810    33.1375    25.4010                                       
  114.00    10.5850    33.1398    25.4023                                       
  115.00    10.5840    33.1393    25.4021                                       
  116.00    10.5840    33.1394    25.4022                                       
  117.00    10.5830    33.1391    25.4022                                       
  118.00    10.5840    33.1378    25.4010                                       
  119.00    10.5850    33.1424    25.4044                                       
  120.00    10.5960    33.1490    25.4077                                       
  121.00    10.5970    33.1495    25.4079                                       
  122.00    10.6010    33.1508    25.4083                                       
  123.00    10.6000    33.1489    25.4070                                       
  124.00    10.6020    33.1506    25.4080                                       
  125.00    10.5960    33.1480    25.4070                                       
  126.00    10.5970    33.1517    25.4097                                       
  127.00    10.6120    33.1584    25.4124                                       
  128.00    10.6270    33.1724    25.4207                                       
  129.00    10.6290    33.1744    25.4219                                       
  130.00    10.6260    33.1710    25.4198                                       
  131.00    10.6220    33.1689    25.4189                                       
  132.00    10.6260    33.1746    25.4227                                       
  133.00    10.6310    33.1754    25.4225                                       
  134.00    10.6340    33.1773    25.4233                                       
  135.00    10.6460    33.1872    25.4291                                       
  136.00    10.6480    33.1871    25.4287                                       
  137.00    10.6490    33.1910    25.4315                                       
  138.00    10.6520    33.1924    25.4322                                       
  139.00    10.6520    33.1925    25.4323                                       
  140.00    10.6510    33.1894    25.4300                                       
