    1.00     3.5690    31.8352    25.3098                                       
    2.00     3.5810    31.8271    25.3021                                       
    3.00     3.5780    31.8281    25.3032                                       
    4.00     3.5690    31.8298    25.3055                                       
    5.00     3.5740    31.8279    25.3035                                       
    6.00     3.5690    31.8268    25.3030                                       
    7.00     3.5680    31.8302    25.3058                                       
    8.00     3.5750    31.8294    25.3046                                       
    9.00     3.5690    31.8294    25.3051                                       
   10.00     3.5810    31.8302    25.3047                                       
   11.00     3.5860    31.8281    25.3026                                       
   12.00     3.5850    31.8272    25.3020                                       
   13.00     3.5840    31.8290    25.3035                                       
   14.00     3.5870    31.8281    25.3025                                       
   15.00     3.5850    31.8287    25.3031                                       
   16.00     3.5800    31.8289    25.3038                                       
   17.00     3.5790    31.8300    25.3047                                       
   18.00     3.5770    31.8287    25.3039                                       
   19.00     3.5710    31.8280    25.3039                                       
   20.00     3.5700    31.8286    25.3045                                       
   21.00     3.5780    31.8295    25.3045                                       
   22.00     3.5850    31.8299    25.3042                                       
   23.00     3.5850    31.8290    25.3035                                       
   24.00     3.5830    31.8301    25.3045                                       
   25.00     3.5870    31.8264    25.3012                                       
   26.00     3.5890    31.8289    25.3031                                       
   27.00     3.5880    31.8296    25.3036                                       
   28.00     3.5900    31.8286    25.3027                                       
   29.00     3.5890    31.8282    25.3025                                       
   30.00     3.5860    31.8282    25.3028                                       
   31.00     3.5900    31.8291    25.3031                                       
   32.00     3.5910    31.8283    25.3024                                       
   33.00     3.5860    31.8283    25.3029                                       
   34.00     3.5850    31.8283    25.3029                                       
   35.00     3.5950    31.8302    25.3036                                       
   36.00     3.6010    31.8286    25.3016                                       
   37.00     3.6110    31.8318    25.3035                                       
   38.00     3.6130    31.8311    25.3026                                       
   39.00     3.6060    31.8307    25.3029                                       
   40.00     3.6090    31.8306    25.3025                                       
   41.00     3.6100    31.8321    25.3037                                       
   42.00     3.6120    31.8309    25.3026                                       
   43.00     3.6130    31.8294    25.3013                                       
   44.00     3.6090    31.8321    25.3039                                       
   45.00     3.6220    31.8307    25.3015                                       
   46.00     3.7260    31.8604    25.3111                                       
   47.00     3.7600    31.8519    25.3070                                       
   48.00     3.8020    31.8622    25.3099                                       
   49.00     3.8180    31.8618    25.3081                                       
   50.00     3.8230    31.8574    25.3042                                       
   51.00     3.8220    31.8664    25.3114                                       
   52.00     3.8230    31.8677    25.3123                                       
   53.00     3.8360    31.8649    25.3089                                       
   54.00     3.8570    31.8623    25.3049                                       
   55.00     3.8650    31.8759    25.3149                                       
   56.00     3.8650    31.8694    25.3097                                       
   57.00     3.8600    31.8668    25.3082                                       
   58.00     3.8630    31.8710    25.3112                                       
   59.00     3.8710    31.8743    25.3131                                       
   60.00     3.8580    31.8686    25.3098                                       
   61.00     3.8400    31.8640    25.3079                                       
   62.00     3.8390    31.8631    25.3072                                       
   63.00     3.8960    31.8775    25.3134                                       
   64.00     3.9100    31.8799    25.3140                                       
   65.00     3.9190    31.8812    25.3141                                       
   66.00     3.9230    31.8827    25.3149                                       
   67.00     4.0080    31.8974    25.3183                                       
   68.00     4.0920    31.9345    25.3397                                       
   69.00     4.2160    31.9619    25.3493                                       
   70.00     4.3200    32.0020    25.3709                                       
   71.00     4.4110    32.0238    25.3789                                       
   72.00     4.4910    32.0563    25.3966                                       
   73.00     4.5310    32.0605    25.3958                                       
   74.00     4.5460    32.0667    25.3991                                       
   75.00     4.5980    32.0908    25.4128                                       
   76.00     4.6420    32.0974    25.4135                                       
   77.00     4.6380    32.0981    25.4145                                       
   78.00     4.6370    32.0984    25.4149                                       
   79.00     4.6390    32.0986    25.4148                                       
   80.00     4.6580    32.1065    25.4191                                       
   81.00     4.6730    32.1106    25.4208                                       
   82.00     4.6880    32.1112    25.4198                                       
   83.00     4.6960    32.1160    25.4226                                       
   84.00     4.7330    32.1279    25.4282                                       
   85.00     4.7500    32.1262    25.4250                                       
   86.00     4.7910    32.1380    25.4300                                       
   87.00     4.8010    32.1549    25.4424                                       
   88.00     4.9350    32.1951    25.4598                                       
   89.00     5.0060    32.2145    25.4674                                       
   90.00     5.1260    32.2527    25.4845                                       
   91.00     5.1350    32.2522    25.4832                                       
   92.00     5.1360    32.2511    25.4822                                       
   93.00     5.1350    32.2513    25.4825                                       
   94.00     5.1330    32.2500    25.4817                                       
   95.00     5.1190    32.2493    25.4826                                       
   96.00     5.1110    32.2492    25.4834                                       
   97.00     5.1070    32.2490    25.4837                                       
   98.00     5.1060    32.2488    25.4838                                       
   99.00     5.0980    32.2463    25.4827                                       
  100.00     5.0830    32.2472    25.4850                                       
  101.00     5.0780    32.2476    25.4860                                       
  102.00     5.0740    32.2454    25.4846                                       
  103.00     5.0610    32.2459    25.4864                                       
  104.00     5.0600    32.2462    25.4869                                       
  105.00     5.0580    32.2453    25.4863                                       
  106.00     5.0590    32.2453    25.4861                                       
  107.00     5.0490    32.2461    25.4880                                       
  108.00     5.0480    32.2462    25.4881                                       
  109.00     5.0480    32.2463    25.4882                                       
  110.00     5.0480    32.2462    25.4882                                       
  111.00     5.0470    32.2459    25.4881                                       
  112.00     5.0490    32.2463    25.4881                                       
  113.00     5.0470    32.2463    25.4884                                       
  114.00     5.0350    32.2453    25.4889                                       
  115.00     5.0350    32.2465    25.4898                                       
  116.00     5.0360    32.2466    25.4898                                       
  117.00     5.0350    32.2466    25.4899                                       
  118.00     5.0340    32.2462    25.4897                                       
  119.00     5.0300    32.2478    25.4914                                       
  120.00     5.0290    32.2469    25.4909                                       
  121.00     5.0310    32.2468    25.4907                                       
  122.00     5.0290    32.2463    25.4905                                       
  123.00     5.0190    32.2491    25.4938                                       
