4261  19  2 2018 13 57 37   1.0  4.428    32.3348    25.6236    6.80806    9.72939   93.26500   10.45435      0.083     0.2077 1.7545e+03 0.0000e+00
4261  19  2 2018 13 58 52   2.0  4.426    32.3349    25.6239    6.82240    9.74988   93.44361   10.45638 -9.990e-29     0.2853 6.6912e+02 0.0000e+00
4261  19  2 2018 13 58 56   3.0  4.426    32.3347    25.6237    6.82810    9.75804   93.50830   10.45791 -9.990e-29     0.3289 3.8686e+02 0.0000e+00
4261  19  2 2018 13 58 57   4.0  4.421    32.3352    25.6246    6.82161    9.74877   93.42521   10.45725 -9.990e-29     0.3354 2.6920e+02 0.0000e+00
4261  19  2 2018 13 58 58   5.0  4.423    32.3351    25.6243    6.82578    9.75472   93.46658   10.45903 -9.990e-29     0.3708 1.8484e+02 0.0000e+00
4261  19  2 2018 13 59  0   6.0  4.420    32.3350    25.6246    6.82568    9.75458   93.46538   10.45901 -9.990e-29     0.3988 1.2761e+02 0.0000e+00
4261  19  2 2018 13 59  1   7.0  4.418    32.3354    25.6251    6.82730    9.75690   93.49765   10.45788 -9.990e-29     0.3694 8.6317e+01 0.0000e+00
4261  19  2 2018 13 59  3   8.0  4.416    32.3350    25.6250    6.83707    9.77085   93.62647   10.45843 -9.990e-29     0.3875 5.7672e+01 0.0000e+00
4261  19  2 2018 13 59  4   9.0  4.412    32.3351    25.6256    6.82589    9.75488   93.46714   10.45914 -9.990e-29     0.3712 4.0352e+01 0.0000e+00
4261  19  2 2018 13 59  6  10.0  4.417    32.3356    25.6255    6.83567    9.76885   93.59584   10.45973 -9.990e-29     0.3741 2.7971e+01 0.0000e+00
4261  19  2 2018 13 59  7  11.0  4.415    32.3357    25.6257    6.82732    9.75693   93.48632   10.45920 -9.990e-29     0.3782 2.0396e+01 0.0000e+00
4261  19  2 2018 13 59  9  12.0  4.412    32.3354    25.6258    6.82487    9.75342   93.46179   10.45818 -9.990e-29     0.3716 1.4778e+01 0.0000e+00
4261  19  2 2018 13 59 10  13.0  4.411    32.3361    25.6265    6.82347    9.75142   93.45142   10.45718 -9.990e-29     0.3561 1.0525e+01 0.0000e+00
4261  19  2 2018 13 59 11  14.0  4.410    32.3370    25.6273    6.83076    9.76184   93.55699   10.45653 -9.990e-29     0.3816 7.3575e+00 0.0000e+00
4261  19  2 2018 13 59 13  15.0  4.413    32.3400    25.6294    6.82636    9.75555   93.50259   10.45587      0.067     0.3681 5.3751e+00 0.0000e+00
4261  19  2 2018 13 59 14  16.0  4.416    32.3427    25.6312    6.82278    9.75043   93.47029   10.45398      0.067     0.3668 3.8637e+00 0.0000e+00
4261  19  2 2018 13 59 16  17.0  4.418    32.3439    25.6319    6.82440    9.75274   93.49623   10.45356      0.076     0.3701 2.8355e+00 0.0000e+00
4261  19  2 2018 13 59 17  18.0  4.421    32.3452    25.6327    6.82368    9.75172   93.48688   10.45350      0.066     0.3531 2.1282e+00 0.0000e+00
4261  19  2 2018 13 59 19  19.0  4.423    32.3474    25.6342    6.83068    9.76173   93.58332   10.45344      0.064     0.3634 1.5723e+00 0.0000e+00
4261  19  2 2018 13 59 20  20.0  4.429    32.3523    25.6376    6.81810    9.74375   93.41091   10.45345      0.070     0.3614 1.1542e+00 0.0000e+00
4261  19  2 2018 13 59 21  21.0  4.429    32.3531    25.6381    6.82792    9.75778   93.54599   10.45339      0.071     0.3649 8.5217e-01 0.0000e+00
4261  19  2 2018 13 59 23  22.0  4.429    32.3531    25.6382    6.82678    9.75615   93.54266   10.45199      0.070     0.3427 6.1697e-01 0.0000e+00
4261  19  2 2018 13 59 24  23.0  4.429    32.3531    25.6381    6.82076    9.74755   93.54005   10.44300      0.066     0.3774 4.6205e-01 0.0000e+00
4261  19  2 2018 13 59 26  24.0  4.429    32.3533    25.6383    6.82677    9.75614   93.60396   10.44509      0.061     0.3588 3.5503e-01 0.0000e+00
4261  19  2 2018 13 59 27  25.0  4.430    32.3533    25.6383    6.82260    9.75018   93.52057   10.44805 -9.990e-29     0.3514 2.7082e-01 0.0000e+00
4261  19  2 2018 13 59 28  26.0  4.447    32.3639    25.6449    6.81802    9.74364   93.47142   10.44650 -9.990e-29     0.3617 2.0595e-01 0.0000e+00
4261  19  2 2018 13 59 30  27.0  4.464    32.3818    25.6574    6.81099    9.73358   93.43031   10.44025 -9.990e-29     0.3482 1.5888e-01 0.0000e+00
4261  19  2 2018 13 59 31  28.0  4.454    32.3743    25.6525    6.82189    9.74917   93.60191   10.43778 -9.990e-29     0.3563 1.2319e-01 0.0000e+00
4261  19  2 2018 13 59 32  29.0  4.447    32.3694    25.6493    6.81614    9.74095   93.53386   10.43655 -9.990e-29     0.3373 9.6016e-02 0.0000e+00
4261  19  2 2018 13 59 34  30.0  4.458    32.3778    25.6548    6.81855    9.74439   93.56338   10.43696 -9.990e-29     0.3649 7.5852e-02 0.0000e+00
4261  19  2 2018 13 59 35  31.0  4.480    32.3885    25.6611    6.80979    9.73187   93.42423   10.43910 -9.990e-29     0.3453 6.2345e-02 0.0000e+00
4261  19  2 2018 13 59 36  32.0  4.482    32.3947    25.6658    6.81617    9.74099   93.52925   10.43713 -9.990e-29     0.3582 5.2053e-02 0.0000e+00
4261  19  2 2018 13 59 38  33.0  4.484    32.3963    25.6669    6.80984    9.73194   93.46982   10.43403 -9.990e-29     0.3338 4.3747e-02 0.0000e+00
4261  19  2 2018 13 59 39  34.0  4.480    32.3948    25.6660    6.81735    9.74267   93.58755   10.43237 -9.990e-29     0.3405 3.6962e-02 0.0000e+00
4261  19  2 2018 13 59 40  35.0  4.476    32.3899    25.6627    6.81287    9.73627   93.52474   10.43252 -9.990e-29     0.3401 3.1836e-02 0.0000e+00
4261  19  2 2018 13 59 42  36.0  4.486    32.4008    25.6702    6.81266    9.73598   93.52236   10.43248 -9.990e-29     0.3439 2.7765e-02 0.0000e+00
4261  19  2 2018 13 59 43  37.0  4.497    32.4031    25.6709    6.81821    9.74390   93.60485   10.43176 -9.990e-29     0.3385 2.5624e-02 0.0000e+00
4261  19  2 2018 13 59 45  38.0  4.498    32.4041    25.6716    6.80902    9.73077   93.48667   10.43086 -9.990e-29     0.3416 2.3846e-02 0.0000e+00
4261  19  2 2018 13 59 46  39.0  4.497    32.4031    25.6709    6.81276    9.73611   93.52572   10.43224 -9.990e-29     0.3459 2.2889e-02 0.0000e+00
4261  19  2 2018 13 59 47  40.0  4.499    32.4047    25.6720    6.81353    9.73722   93.55971   10.42961 -9.990e-29     0.3517 2.1727e-02 0.0000e+00
4261  19  2 2018 13 59 49  41.0  4.502    32.4060    25.6727    6.81762    9.74306   93.62334   10.42876 -9.990e-29     0.3538 2.0729e-02 0.0000e+00
4261  19  2 2018 13 59 50  42.0  4.501    32.4049    25.6720    6.80860    9.73017   93.52055   10.42638 -9.990e-29     0.3655 2.0122e-02 0.0000e+00
4261  19  2 2018 13 59 52  43.0  4.503    32.4067    25.6732    6.81309    9.73659   93.58527   10.42605 -9.990e-29     0.3426 1.9232e-02 0.0000e+00
4261  19  2 2018 13 59 53  44.0  4.510    32.4094    25.6746    6.81082    9.73334   93.55625   10.42581 -9.990e-29     0.3371 1.8751e-02 0.0000e+00
4261  19  2 2018 13 59 55  45.0  4.516    32.4135    25.6772    6.80809    9.72944   93.51651   10.42606 -9.990e-29     0.3511 1.8405e-02 0.0000e+00
4261  19  2 2018 13 59 56  46.0  4.520    32.4154    25.6784    6.80952    9.73149   93.53750   10.42591 -9.990e-29     0.3487 1.8203e-02 0.0000e+00
4261  19  2 2018 13 59 57  47.0  4.520    32.4154    25.6783    6.80744    9.72851   93.50956   10.42583 -9.990e-29     0.3366 1.8122e-02 0.0000e+00
4261  19  2 2018 13 59 59  48.0  4.520    32.4161    25.6789    6.80468    9.72457   93.48459   10.42437 -9.990e-29     0.3448 1.8010e-02 0.0000e+00
4261  19  2 2018 14  0  0  49.0  4.519    32.4151    25.6782    6.79621    9.71246   93.37968   10.42308 -9.990e-29     0.3418 1.7878e-02 0.0000e+00
4261  19  2 2018 14  0  2  50.0  4.521    32.4167    25.6793    6.80412    9.72376   93.49649   10.42217 -9.990e-29     0.3480 1.7756e-02 0.0000e+00
4261  19  2 2018 14  0  3  51.0  4.523    32.4172    25.6794    6.80069    9.71887   93.46169   10.42078 -9.990e-29     0.3745 1.7603e-02 0.0000e+00
4261  19  2 2018 14  0  5  52.0  4.529    32.4223    25.6830    6.78944    9.70279   93.35344   10.41556 -9.990e-29     0.3751 1.7399e-02 0.0000e+00
4261  19  2 2018 14  0  6  53.0  4.531    32.4233    25.6836    6.79865    9.71594   93.49470   10.41390 -9.990e-29     0.3667 1.7470e-02 0.0000e+00
4261  19  2 2018 14  0  8  54.0  4.536    32.4273    25.6862    6.79346    9.70854   93.43497   10.41261 -9.990e-29     0.3622 1.7673e-02 0.0000e+00
4261  19  2 2018 14  0  9  55.0  4.551    32.4367    25.6921    6.79710    9.71373   93.48733   10.41235 -9.990e-29     0.3579 1.7660e-02 0.0000e+00
4261  19  2 2018 14  0 11  56.0  4.560    32.4434    25.6964    6.79259    9.70729   93.42988   10.41184 -9.990e-29     0.3766 1.7320e-02 0.0000e+00
4261  19  2 2018 14  0 12  57.0  4.563    32.4484    25.7001    6.79931    9.71689   93.52431   10.41161 -9.990e-29     0.3719 1.7378e-02 0.0000e+00
4261  19  2 2018 14  0 14  58.0  4.563    32.4529    25.7036    6.79532    9.71119   93.47213   10.41131 -9.990e-29     0.3735 1.7453e-02 0.0000e+00
4261  19  2 2018 14  0 15  59.0  4.564    32.4542    25.7046    6.79538    9.71128   93.47320   10.41129 -9.990e-29     0.3692 1.7572e-02 0.0000e+00
4261  19  2 2018 14  0 17  60.0  4.565    32.4550    25.7051    6.78588    9.69769   93.34178   10.41136 -9.990e-29     0.3398 1.7416e-02 0.0000e+00
4261  19  2 2018 14  0 18  61.0  4.567    32.4555    25.7055    6.78669    9.69886   93.35465   10.41117 -9.990e-29     0.3438 1.7296e-02 0.0000e+00
4261  19  2 2018 14  0 20  62.0  4.567    32.4556    25.7055    6.79024    9.70394   93.40507   10.41101 -9.990e-29     0.3424 1.7183e-02 0.0000e+00
4261  19  2 2018 14  0 21  63.0  4.567    32.4551    25.7051    6.79533    9.71120   93.48953   10.40936 -9.990e-29     0.3253 1.7245e-02 0.0000e+00
4261  19  2 2018 14  0 23  64.0  4.567    32.4556    25.7054    6.79667    9.71312   93.51457   10.40862 -9.990e-29     0.3341 1.7341e-02 0.0000e+00
4261  19  2 2018 14  0 24  65.0  4.568    32.4559    25.7056    6.79008    9.70371   93.42605   10.40839 -9.990e-29     0.3332 1.7284e-02 0.0000e+00
4261  19  2 2018 14  0 26  66.0  4.570    32.4571    25.7063    6.78862    9.70161   93.40963   10.40796 -9.990e-29     0.3265 1.7332e-02 0.0000e+00
4261  19  2 2018 14  0 27  67.0  4.576    32.4575    25.7061    6.78584    9.69764   93.37974   10.40702 -9.990e-29     0.3285 1.7171e-02 0.0000e+00
4261  19  2 2018 14  0 29  68.0  4.578    32.4582    25.7064    6.78774    9.70036   93.41902   10.40555 -9.990e-29     0.3357 1.7260e-02 0.0000e+00
4261  19  2 2018 14  0 30  69.0  4.578    32.4586    25.7067    6.78340    9.69417   93.38757   10.40238 -9.990e-29     0.3480 1.7226e-02 0.0000e+00
4261  19  2 2018 14  0 31  70.0  4.580    32.4597    25.7073    6.78575    9.69752   93.45778   10.39812 -9.990e-29     0.3447 1.7391e-02 0.0000e+00
4261  19  2 2018 14  0 33  71.0  4.583    32.4627    25.7094    6.78474    9.69607   93.45621   10.39673 -9.990e-29     0.3279 1.7355e-02 0.0000e+00
4261  19  2 2018 14  0 34  72.0  4.592    32.4701    25.7144    6.77670    9.68458   93.37376   10.39355 -9.990e-29     0.3437 1.7296e-02 0.0000e+00
4261  19  2 2018 14  0 36  73.0  4.609    32.4819    25.7221    6.77781    9.68617   93.40247   10.39204 -9.990e-29     0.3353 1.7191e-02 0.0000e+00
4261  19  2 2018 14  0 37  74.0  4.615    32.4859    25.7245    6.77711    9.68517   93.40682   10.39047 -9.990e-29     0.3839 1.7078e-02 0.0000e+00
4261  19  2 2018 14  0 39  75.0  4.625    32.4937    25.7297    6.78030    9.68973   93.46355   10.38904 -9.990e-29     0.3409 1.7083e-02 0.0000e+00
4261  19  2 2018 14  0 40  76.0  4.630    32.4973    25.7320    6.77175    9.67750   93.35414   10.38809      0.065     0.3592 1.7089e-02 0.0000e+00
4261  19  2 2018 14  0 42  77.0  4.635    32.5009    25.7344    6.76739    9.67128   93.32489   10.38463      0.061     0.3562 1.7104e-02 0.0000e+00
4261  19  2 2018 14  0 43  78.0  4.640    32.5045    25.7367    6.76976    9.67466   93.41041   10.37869      0.064     0.3431 1.7180e-02 0.0000e+00
4261  19  2 2018 14  0 45  79.0  4.643    32.5077    25.7389    6.77271    9.67888   93.49536   10.37374      0.067     0.3495 1.7271e-02 0.0000e+00
4261  19  2 2018 14  0 46  80.0  4.649    32.5125    25.7422    6.76704    9.67079   93.44637   10.37047      0.061     0.3441 1.7266e-02 0.0000e+00
4261  19  2 2018 14  0 48  81.0  4.669    32.5280    25.7522    6.75205    9.64935   93.34253   10.35892      0.067     0.3463 1.7312e-02 0.0000e+00
4261  19  2 2018 14  0 50  82.0  4.688    32.5460    25.7645    6.75454    9.65291   93.46599   10.34899      0.071     0.3218 1.7370e-02 0.0000e+00
4261  19  2 2018 14  0 51  83.0  4.699    32.5553    25.7707    6.74564    9.64019   93.36826   10.34618      0.089     0.3314 1.7329e-02 0.0000e+00
4261  19  2 2018 14  0 53  84.0  4.730    32.5968    25.8004    6.74250    9.63571   93.37144   10.34101      0.083     0.3327 1.7360e-02 0.0000e+00
4261  19  2 2018 14  0 54  85.0  4.759    32.6311    25.8244    6.74128    9.63397   93.39596   10.33639      0.074     0.3328 1.7362e-02 0.0000e+00
4261  19  2 2018 14  0 56  86.0  4.768    32.6490    25.8377    6.74831    9.64401   93.54043   10.33116      0.078     0.3297 1.7440e-02 0.0000e+00
4261  19  2 2018 14  0 57  87.0  4.778    32.6805    25.8616    6.74890    9.64485   93.59055   10.32649      0.082     0.3378 1.7406e-02 0.0000e+00
4261  19  2 2018 14  0 59  88.0  4.797    32.7049    25.8789    6.74349    9.63712   93.54666   10.32304      0.117     0.3338 1.7447e-02 0.0000e+00
4261  19  2 2018 14  1  0  89.0  4.808    32.7245    25.8932    6.74232    9.63545   93.51852   10.32437      0.128     0.3403 1.7526e-02 0.0000e+00
4261  19  2 2018 14  1  2  90.0  4.822    32.7439    25.9071    6.72808    9.61510   93.34681   10.32150      0.145     0.3412 1.7683e-02 0.0000e+00
4261  19  2 2018 14  1  3  91.0  4.833    32.7537    25.9137    6.73617    9.62666   93.46858   10.32043      0.153     0.3482 1.7695e-02 0.0000e+00
4261  19  2 2018 14  1  5  92.0  4.830    32.7536    25.9141    6.73342    9.62272   93.44440   10.31887      0.158     0.3549 1.7645e-02 0.0000e+00
4261  19  2 2018 14  1  6  93.0  4.838    32.7636    25.9210    6.73665    9.62734   93.48537   10.31931      0.163     0.3515 1.7703e-02 0.0000e+00
4261  19  2 2018 14  1  8  94.0  4.841    32.7670    25.9234    6.72852    9.61573   93.37121   10.31946      0.184     0.3420 1.7789e-02 0.0000e+00
4261  19  2 2018 14  1 21  95.0  4.845    32.7705    25.9258    6.73450    9.62427   93.43913   10.32112      0.187     0.3463 1.7722e-02 0.0000e+00
