   200    9901 2011 06 30 18 20 00  47.6348   55.4141    .75       .0     .000 F      .00 TR       5 Barrel                         
   200    9901 2011 06 30 18 48 00  47.6345    55.413    .83     91.1     .054 F      .47 TR       5 Barrel                         
   200    9901 2011 06 30 19 36 00  47.6342   55.4121   1.04     79.6     .028 F     1.27 TR       5 Barrel                         
   200    9901 2011 06 30 20 12 00  47.6343   55.4118   1.23     21.8     .010 F     1.87 TR       5 Barrel                         
   200    9901 2011 06 30 21 23 00  47.6352   55.4132   1.63    140.3     .033 F     3.05 TR       5 Barrel                         
   200    9901 2011 06 30 21 40 00  47.6356   55.4139   1.72     72.0     .071 F     3.33 TR       5 Barrel                         
   200    9901 2011 06 30 22 21 00  47.6366   55.4151   1.93    142.1     .058 F     4.02 TR       5 Barrel                         
   200    9901 2011 06 30 22 52 00  47.6376   55.4162   2.07    137.6     .074 F     4.53 TR       5 Barrel                         
   200    9901 2011 06 30 23 31 00  47.6394   55.4172   2.19    214.0     .091 F     5.18 TR       5 Barrel                         
   200    9901 2011 06 30 23 58 00  47.6406   55.4175   2.25    137.7     .085 F     5.63 TR       5 Barrel                         
   200    9901 2011 07 01 00 37 00  47.6413    55.418   2.25     81.1     .035 H     6.28 TR       5 Barrel                         
   200    9901 2011 07 01 01 15 00  47.6413   55.4184   2.15     32.7     .014 E     6.92 TR       5 Barrel                         
   200    9901 2011 07 01 01 47 00  47.6412   55.4186   1.99     17.7     .009 E     7.45 TR       5 Barrel                         
   200    9901 2011 07 01 03 13 00  47.6414   55.4181   1.43     44.2     .009 E     8.88 TR       5 Barrel                         
   200    9901 2011 07 01 03 34 00  47.6416   55.4171   1.29     79.5     .063 E     9.23 TR       5 Barrel                         
   200    9901 2011 07 01 04 05 00  47.6417   55.4155   1.11    120.4     .065 E     9.75 TR       5 Barrel                         
   200    9901 2011 07 01 04 46 00  47.6415   55.4133    .91    165.0     .067 E    10.43 TR       5 Barrel                         
   200    9901 2011 07 01 05 24 00  47.6411   55.4121    .77    104.3     .046 E    11.07 TR       5 Barrel                         
   200    9901 2011 07 01 05 56 00  47.6403   55.4107    .72    131.5     .069 H    11.60 TR       5 Barrel                         
   200    9901 2011 07 01 06 40 00  47.6396   55.4094    .73    125.0     .047 F    12.33 TR       5 Barrel                         
   200    9901 2011 07 01 07 15 00  47.6393   55.4088    .81     55.5     .026 F    12.92 TR       5 Barrel                         
   200    9901 2011 07 01 08 22 00   47.638   55.4071   1.08    195.7     .049 F    14.03 TR       5 Barrel                         
   200    9901 2011 07 01 08 47 00  47.6379   55.4072   1.21     10.2     .007 F    14.45 TR       5 Barrel                         
   200    9901 2011 07 01 09 23 00  47.6379   55.4074   1.39     16.8     .008 F    15.05 TR       5 Barrel                         
   200    9901 2011 07 01 10 38 00  47.6382   55.4083   1.76     81.7     .018 F    16.30 TR       5 Barrel                         
   200    9901 2011 07 01 11 14 00  47.6388   55.4085   1.89     61.0     .028 F    16.90 TR       5 Barrel                         
   200    9901 2011 07 01 11 54 00  47.6393   55.4087   1.99     65.2     .027 F    17.57 TR       5 Barrel                         
   200    9901 2011 07 01 12 22 00  47.6398    55.409   2.01     53.2     .032 S    18.03 TR       5 Barrel                         
   200    9901 2011 07 01 12 51 00  47.6401   55.4091   1.99     40.5     .023 E    18.52 TR       5 Barrel                         
   200    9901 2011 07 01 13 31 00  47.6406   55.4095   1.88     59.6     .025 E    19.18 TR       5 Barrel                         
   200    9901 2011 07 01 14 07 00  47.6408   55.4096   1.71     29.2     .014 E    19.78 TR       5 Barrel                         
   200    9901 2011 07 01 15 19 00   47.641   55.4091   1.26     42.2     .010 E    20.98 TR       5 Barrel                         
   200    9901 2011 07 01 15 55 00  47.6408   55.4086   1.06     41.7     .019 E    21.58 TR       5 Barrel                         
   200    9901 2011 07 01 16 18 00  47.6407   55.4084    .94     16.4     .012 E    21.97 TR       5 Barrel                         
   200    9901 2011 07 01 17 02 00  47.6404   55.4084    .76     37.3     .014 E    22.70 TR       5 Barrel                         
   200    9901 2011 07 01 17 37 00  47.6402   55.4085    .67     24.6     .012 E    23.28 TR       5 Barrel                         
   200    9901 2011 07 01 18 20 00  47.6401   55.4088    .62     25.0     .010 S    24.00 TR       5 Barrel                         
   200    9901 2011 07 01 18 37 00  47.6402   55.4092    .63     30.9     .030 H    24.28 TR       5 Barrel                         
   200    9902 2011 06 30 18 17 00   47.641   55.4033    .74       .0     .000 F      .00 TR       5 Barrel                         
   200    9902 2011 06 30 18 36 00  47.6412   55.4037    .79     40.8     .036 F      .32 TR       5 Barrel                         
   200    9902 2011 06 30 18 54 00  47.6416   55.4041    .85     54.9     .051 F      .62 TR       5 Barrel                         
   200    9902 2011 06 30 19 30 00  47.6426   55.4049   1.01    123.9     .057 F     1.22 TR       5 Barrel                         
   200    9902 2011 06 30 20 23 00  47.6433    55.406   1.29    114.1     .036 F     2.10 TR       5 Barrel                         
   200    9902 2011 06 30 21 19 00  47.6451   55.4082   1.60    256.8     .076 F     3.03 TR       5 Barrel                         
   200    9902 2011 06 30 21 59 00  47.6466   55.4105   1.82    236.7     .099 F     3.70 TR       5 Barrel                         
   200    9902 2011 06 30 23 26 00  47.6503   55.4148   2.18    528.9     .101 F     5.15 TR       5 Barrel                         
   200    9902 2011 06 30 23 52 00  47.6513   55.4169   2.24    187.2     .120 F     5.58 TR       5 Barrel                         
   200    9902 2011 07 01 00 18 00  47.6519   55.4184   2.26    133.6     .086 S     6.02 TR       5 Barrel                         
   200    9902 2011 07 01 01 07 00  47.6528   55.4205   2.17    186.7     .064 E     6.83 TR       5 Barrel                         
   200    9902 2011 07 01 01 40 00  47.6534   55.4224   2.03    158.9     .080 E     7.38 TR       5 Barrel                         
   200    9902 2011 07 01 02 07 00  47.6541    55.423   1.87     84.3     .052 E     7.83 TR       5 Barrel                         
   200    9902 2011 07 01 02 49 00  47.6541   55.4236   1.59     49.7     .020 E     8.53 TR       5 Barrel                         
   200    9902 2011 07 01 03 24 00  47.6535   55.4241   1.36     71.9     .034 E     9.12 TR       5 Barrel                         
   200    9902 2011 07 01 03 57 00  47.6527   55.4241   1.15     96.8     .049 E     9.67 TR       5 Barrel                         
   200    9902 2011 07 01 04 26 00   47.652   55.4239   1.00     73.1     .042 E    10.15 TR       5 Barrel                         
   200    9902 2011 07 01 05 01 00  47.6512   55.4237    .85     94.5     .045 E    10.73 TR       5 Barrel                         
   200    9902 2011 07 01 05 35 00  47.6503   55.4232    .75    104.2     .051 E    11.30 TR       5 Barrel                         
   200    9902 2011 07 01 06 17 00  47.6491   55.4225    .71    143.2     .057 S    12.00 TR       5 Barrel                         
   200    9902 2011 07 01 06 49 00  47.6485   55.4224    .74     65.3     .034 F    12.53 TR       5 Barrel                         
   200    9902 2011 07 01 07 26 00  47.6478   55.4221    .84     79.7     .036 F    13.15 TR       5 Barrel                         
   200    9902 2011 07 01 07 49 00  47.6476   55.4222    .93     21.0     .015 F    13.53 TR       5 Barrel                         
   200    9902 2011 07 01 08 20 00  47.6477   55.4224   1.07     16.8     .009 F    14.05 TR       5 Barrel                         
   200    9902 2011 07 01 09 10 00  47.6482   55.4228   1.32     64.1     .021 F    14.88 TR       5 Barrel                         
   200    9902 2011 07 01 09 46 00  47.6486   55.4229   1.51     45.5     .021 F    15.48 TR       5 Barrel                         
   200    9902 2011 07 01 10 13 00  47.6492   55.4236   1.64     82.8     .051 F    15.93 TR       5 Barrel                         
   200    9902 2011 07 01 10 59 00  47.6503   55.4238   1.84    119.6     .043 F    16.70 TR       5 Barrel                         
   200    9902 2011 07 01 11 31 00  47.6514   55.4239   1.94    124.0     .065 F    17.23 TR       5 Barrel                         
   200    9902 2011 07 01 11 55 00  47.6521   55.4239   1.99     71.4     .050 F    17.63 TR       5 Barrel                         
   200    9902 2011 07 01 12 35 00   47.653   55.4238   2.01    102.2     .043 S    18.30 TR       5 Barrel                         
   200    9902 2011 07 01 13 10 00  47.6538   55.4234   1.95    101.3     .048 E    18.88 TR       5 Barrel                         
   200    9902 2011 07 01 13 41 00  47.6545   55.4233   1.84     68.5     .037 E    19.40 TR       5 Barrel                         
   200    9902 2011 07 01 14 35 00  47.6553   55.4232   1.54     96.9     .030 E    20.30 TR       5 Barrel                         
   200    9902 2011 07 01 14 48 00  47.6558   55.4231   1.46     47.6     .061 E    20.52 TR       5 Barrel                         
   200    9902 2011 07 01 15 25 00  47.6563   55.4232   1.23     62.8     .028 E    21.13 TR       5 Barrel                         
   200    9902 2011 07 01 16 15 00  47.6569    55.423    .96     68.8     .023 E    21.97 TR       5 Barrel                         
   200    9902 2011 07 01 16 56 00  47.6576   55.4231    .79     78.2     .032 E    22.65 TR       5 Barrel                         
   200    9902 2011 07 01 17 37 00  47.6582   55.4232    .67     65.3     .027 E    23.33 TR       5 Barrel                         
   200    9902 2011 07 01 17 58 00  47.6585   55.4234    .63     39.9     .032 H    23.68 TR       5 Barrel                         
   200    9902 2011 07 01 18 32 00  47.6588   55.4238    .63     41.0     .020 H    24.25 TR       5 Barrel                         
   200    9902 2011 07 01 18 52 00  47.6591   55.4241    .65     40.9     .034 F    24.58 TR       5 Barrel                         
   200    9903 2011 06 30 18 28 00  47.6381     55.41    .77       .0     .000 F      .00 TR       5 Barrel                         
   200    9903 2011 06 30 18 45 00  47.6381   55.4099    .82      6.9     .007 F      .28 TR       5 Barrel                         
   200    9903 2011 06 30 19 13 00  47.6383   55.4096    .93     35.7     .021 F      .75 TR       5 Barrel                         
   200    9903 2011 06 30 20 00 00  47.6387   55.4085   1.16     93.6     .033 F     1.53 TR       5 Barrel                         
   200    9903 2011 06 30 20 23 00   47.639   55.4083   1.29     39.0     .028 F     1.92 TR       5 Barrel                         
   200    9903 2011 06 30 20 43 00  47.6398   55.4085   1.40     88.5     .074 F     2.25 TR       5 Barrel                         
   200    9903 2011 06 30 21 38 00  47.6406   55.4089   1.71     93.2     .028 F     3.17 TR       5 Barrel                         
   200    9903 2011 06 30 22 06 00  47.6418   55.4109   1.86    197.9     .118 F     3.63 TR       5 Barrel                         
   200    9903 2011 06 30 22 37 00  47.6425   55.4116   2.00     94.3     .051 F     4.15 TR       5 Barrel                         
   200    9903 2011 06 30 23 13 00  47.6442   55.4126   2.14    206.9     .096 F     4.75 TR       5 Barrel                         
   200    9903 2011 06 30 23 33 00  47.6449   55.4131   2.20     81.1     .068 F     5.08 TR       5 Barrel                         
   200    9903 2011 07 01 00 25 00  47.6459   55.4143   2.26    143.3     .046 H     5.95 TR       5 Barrel                         
   200    9903 2011 07 01 01 05 00   47.647   55.4152   2.18    139.1     .058 E     6.62 TR       5 Barrel                         
   200    9903 2011 07 01 01 34 00  47.6483   55.4159   2.06    154.4     .089 E     7.10 TR       5 Barrel                         
   200    9903 2011 07 01 02 00 00  47.6489   55.4161   1.91     73.8     .047 E     7.53 TR       5 Barrel                         
   200    9903 2011 07 01 02 55 00    47.65   55.4159   1.55    114.2     .035 E     8.45 TR       5 Barrel                         
   200    9903 2011 07 01 03 24 00  47.6502   55.4156   1.36     32.6     .019 E     8.93 TR       5 Barrel                         
   200    9903 2011 07 01 04 00 00    47.65   55.4148   1.13     65.1     .030 E     9.53 TR       5 Barrel                         
   200    9903 2011 07 01 04 23 00  47.6496   55.4141   1.01     70.8     .051 E     9.92 TR       5 Barrel                         
   200    9903 2011 07 01 04 57 00  47.6489   55.4131    .86    108.5     .053 E    10.48 TR       5 Barrel                         
   200    9903 2011 07 01 05 26 00  47.6485   55.4125    .77     65.5     .038 E    10.97 TR       5 Barrel                         
   200    9903 2011 07 01 06 18 00  47.6478   55.4117    .71     98.8     .032 S    11.83 TR       5 Barrel                         
   200    9903 2011 07 01 07 28 00  47.6468   55.4107    .85    129.0     .031 F    13.00 TR       5 Barrel                         
   200    9903 2011 07 01 07 54 00  47.6465   55.4107    .95     28.8     .018 F    13.43 TR       5 Barrel                         
   200    9903 2011 07 01 08 29 00  47.6466   55.4115   1.12     58.4     .028 F    14.02 TR       5 Barrel                         
   200    9903 2011 07 01 08 57 00   47.647   55.4123   1.26     74.5     .044 F    14.48 TR       5 Barrel                         
   200    9903 2011 07 01 09 35 00  47.6479   55.4134   1.45    133.0     .058 F    15.12 TR       5 Barrel                         
   200    9903 2011 07 01 10 11 00   47.649   55.4142   1.63    132.5     .061 F    15.72 TR       5 Barrel                         
   200    9903 2011 07 01 11 07 00  47.6507   55.4149   1.87    198.8     .059 F    16.65 TR       5 Barrel                         
   200    9903 2011 07 01 11 26 00  47.6516   55.4151   1.92    103.0     .090 F    16.97 TR       5 Barrel                         
   200    9903 2011 07 01 11 54 00  47.6526   55.4154   1.99    110.6     .066 F    17.43 TR       5 Barrel                         
   200    9903 2011 07 01 13 25 00  47.6554    55.416   1.91    315.4     .058 E    18.95 TR       5 Barrel                         
   200    9903 2011 07 01 13 55 00  47.6565   55.4166   1.77    124.2     .069 E    19.45 TR       5 Barrel                         
   200    9903 2011 07 01 14 17 00  47.6571   55.4168   1.65     71.0     .054 E    19.82 TR       5 Barrel                         
   200    9903 2011 07 01 14 50 00   47.658   55.4172   1.44    109.1     .055 E    20.37 TR       5 Barrel                         
   200    9903 2011 07 01 15 25 00  47.6592   55.4174   1.23    131.5     .063 E    20.95 TR       5 Barrel                         
   200    9903 2011 07 01 16 16 00  47.6605   55.4176    .95    141.0     .046 E    21.80 TR       5 Barrel                         
   200    9903 2011 07 01 16 41 00   47.661   55.4176    .84     61.1     .041 E    22.22 TR       5 Barrel                         
   200    9903 2011 07 01 17 31 00  47.6618    55.418    .68     90.7     .030 E    23.05 TR       5 Barrel                         
   200    9903 2011 07 01 17 55 00  47.6622   55.4181    .64     48.6     .034 H    23.45 TR       5 Barrel                         
   200    9903 2011 07 01 18 22 00  47.6626   55.4184    .62     46.1     .028 S    23.90 TR       5 Barrel                         
   200    9903 2011 07 01 18 54 00   47.663   55.4187    .65     50.2     .026 F    24.43 TR       5 Barrel                         
   200    9904 2011 06 30 18 18 00  47.6438   55.3962    .75       .0     .000 F      .00 TR       5 Barrel                         
   200    9904 2011 06 30 19 23 00  47.6437   55.3979    .98    131.9     .034 F     1.08 TR       5 Barrel                         
   200    9904 2011 06 30 19 33 00  47.6443   55.3987   1.02     90.4     .151 F     1.25 TR       5 Barrel                         
   200    9904 2011 06 30 20 24 00  47.6448      55.4   1.29    111.6     .036 F     2.10 TR       5 Barrel                         
   200    9904 2011 06 30 20 59 00  47.6453   55.4018   1.49    146.0     .070 F     2.68 TR       5 Barrel                         
   200    9904 2011 06 30 21 14 00  47.6458   55.4031   1.58    110.4     .123 F     2.93 TR       5 Barrel                         
   200    9904 2011 06 30 22 04 00  47.6468   55.4053   1.85    200.0     .067 F     3.77 TR       5 Barrel                         
   200    9904 2011 06 30 22 31 00  47.6479   55.4075   1.98    203.2     .125 F     4.22 TR       5 Barrel                         
   200    9904 2011 06 30 23 15 00  47.6498   55.4101   2.15    293.5     .111 F     4.95 TR       5 Barrel                         
   200    9904 2011 06 30 23 37 00  47.6508   55.4114   2.21    136.4     .103 F     5.32 TR       5 Barrel                         
   200    9904 2011 07 01 00 24 00  47.6528   55.4141   2.26    309.2     .110 S     6.10 TR       5 Barrel                         
   200    9904 2011 07 01 00 53 00  47.6538   55.4156   2.22    149.1     .086 E     6.58 TR       5 Barrel                         
   200    9904 2011 07 01 01 44 00  47.6554   55.4177   2.01    241.0     .079 E     7.43 TR       5 Barrel                         
   200    9904 2011 07 01 02 06 00  47.6562   55.4186   1.88    113.7     .086 E     7.80 TR       5 Barrel                         
   200    9904 2011 07 01 02 32 00  47.6565   55.4189   1.71     41.5     .027 E     8.23 TR       5 Barrel                         
   200    9904 2011 07 01 02 59 00  47.6568   55.4194   1.52     47.9     .030 E     8.68 TR       5 Barrel                         
   200    9904 2011 07 01 04 27 00   47.656   55.4228    .99    265.3     .050 E    10.15 TR       5 Barrel                         
   200    9904 2011 07 01 04 43 00  47.6558   55.4235    .92     62.1     .065 E    10.42 TR       5 Barrel                         
   200    9904 2011 07 01 06 13 00  47.6547   55.4263    .71    239.6     .044 S    11.92 TR       5 Barrel                         
   200    9904 2011 07 01 06 35 00  47.6547   55.4279    .72    120.6     .091 H    12.28 TR       5 Barrel                         
   200    9904 2011 07 01 07 53 00  47.6552   55.4306    .95    211.1     .045 F    13.58 TR       5 Barrel                         
   200    9904 2011 07 01 08 33 00  47.6557   55.4316   1.13     94.6     .039 F    14.25 TR       5 Barrel                         
   200    9904 2011 07 01 09 35 00  47.6565   55.4337   1.45    180.5     .049 F    15.28 TR       5 Barrel                         
   200    9904 2011 07 01 10 34 00   47.657   55.4352   1.74    121.8     .034 F    16.27 TR       5 Barrel                         
   200    9904 2011 07 01 10 50 00  47.6573   55.4359   1.80     60.9     .063 F    16.53 TR       5 Barrel                         
   200    9904 2011 07 01 11 12 00  47.6574   55.4363   1.88     36.0     .027 F    16.90 TR       5 Barrel                         
   200    9904 2011 07 01 11 59 00  47.6575   55.4372   1.99     64.5     .023 H    17.68 TR       5 Barrel                         
   200    9904 2011 07 01 12 22 00  47.6574   55.4377   2.01     39.5     .029 S    18.07 TR       5 Barrel                         
   200    9904 2011 07 01 13 10 00  47.6571   55.4385   1.95     70.9     .025 E    18.87 TR       5 Barrel                         
   200    9904 2011 07 01 13 52 00  47.6568   55.4392   1.79     62.1     .025 E    19.57 TR       5 Barrel                         
   200    9904 2011 07 01 16 07 00  47.6541   55.4435   1.00    435.0     .054 E    21.82 TR       5 Barrel                         
   200    9904 2011 07 01 16 49 00  47.6537   55.4442    .81     75.6     .030 E    22.52 TR       5 Barrel                         
   200    9904 2011 07 01 17 09 00  47.6533   55.4448    .74     59.9     .050 E    22.85 TR       5 Barrel                         
   200    9904 2011 07 01 17 42 00  47.6531   55.4453    .66     45.0     .023 E    23.40 TR       5 Barrel                         
   200    9905 2011 06 30 18 14 00   47.646   55.3872    .74       .0     .000 F      .00 TR       5 Barrel                         
   200    9905 2011 06 30 18 35 00  47.6458   55.3873    .79     24.8     .020 F      .35 TR       5 Barrel                         
   200    9905 2011 06 30 19 16 00  47.6464   55.3882    .94     92.8     .038 F     1.03 TR       5 Barrel                         
   200    9905 2011 06 30 20 05 00  47.6461   55.3888   1.19     51.2     .017 F     1.85 TR       5 Barrel                         
   200    9905 2011 06 30 20 59 00  47.6452   55.3889   1.49     95.9     .030 F     2.75 TR       5 Barrel                         
   200    9905 2011 06 30 21 27 00  47.6443   55.3895   1.65    114.4     .068 F     3.22 TR       5 Barrel                         
   200    9905 2011 06 30 22 45 00  47.6435   55.3934   2.04    302.4     .065 F     4.52 TR       5 Barrel                         
   200    9905 2011 07 01 00 18 00  47.6446   55.3983   2.26    385.5     .069 S     6.07 TR       5 Barrel                         
   200    9905 2011 07 01 02 22 00   47.646   55.4021   1.77    317.8     .043 E     8.13 TR       5 Barrel                         
   200    9905 2011 07 01 02 48 00  47.6461   55.4025   1.60     37.9     .024 E     8.57 TR       5 Barrel                         
   200    9905 2011 07 01 05 00 00  47.6442   55.4024    .85    212.0     .027 E    10.77 TR       5 Barrel                         
   200    9905 2011 07 01 07 36 00  47.6413   55.4018    .88    326.0     .035 F    13.37 TR       5 Barrel                         
   200    9905 2011 07 01 08 43 00  47.6408   55.4017   1.18     63.5     .016 F    14.48 TR       5 Barrel                         
   200    9905 2011 07 01 10 17 00  47.6418   55.4035   1.66    177.3     .031 F    16.05 TR       5 Barrel                         
   200    9905 2011 07 01 11 32 00   47.643   55.4046   1.94    161.9     .036 F    17.30 TR       5 Barrel                         
   200    9905 2011 07 01 12 15 00  47.6436   55.4051   2.01     73.3     .028 H    18.02 TR       5 Barrel                         
   200    9905 2011 07 01 12 49 00  47.6446   55.4058   2.00    119.8     .059 E    18.58 TR       5 Barrel                         
   200    9905 2011 07 01 13 31 00  47.6453   55.4064   1.88     92.4     .037 E    19.28 TR       5 Barrel                         
   200    9905 2011 07 01 14 49 00   47.646   55.4067   1.45     79.9     .017 E    20.58 TR       5 Barrel                         
   200    9905 2011 07 01 16 44 00  47.6457   55.4065    .83     28.3     .004 E    22.50 TR       5 Barrel                         
   200    9905 2011 07 01 17 05 00  47.6453   55.4067    .75     44.2     .035 E    22.85 TR       5 Barrel                         
   200    9905 2011 07 01 17 29 00  47.6452   55.4066    .69     16.3     .011 E    23.25 TR       5 Barrel                         
   200    9905 2011 07 01 18 17 00  47.6451   55.4071    .62     33.6     .012 S    24.05 TR       5 Barrel                         
   200    9905 2011 07 01 18 34 00   47.645   55.4072    .63     12.6     .012 F    24.33 TR       5 Barrel                         
   200    9906 2011 06 30 18 14 00   47.646   55.3872    .74       .0     .000 F      .00 TR       0 Barrel                         
   200    9906 2011 06 30 18 15 00  47.6459   55.3871    .74      8.7     .144 F      .02 TR       0 Barrel                         
   200    9906 2011 06 30 18 16 00  47.6457   55.3872    .74     27.5     .459 F      .03 TR       0 Barrel                         
   200    9906 2011 06 30 18 37 00  47.6456   55.3882    .79     74.4     .059 F      .38 TR       0 Barrel                         
   200    9906 2011 06 30 18 59 00  47.6453   55.3904    .87    173.5     .131 F      .75 TR       0 Barrel                         
   200    9906 2011 06 30 19 03 00  47.6453   55.3906    .89     14.3     .060 F      .82 TR       0 Barrel                         
   200    9906 2011 06 30 19 17 00  47.6444    55.392    .95    142.4     .169 F     1.05 TR       0 Barrel                         
   200    9906 2011 06 30 19 18 00  47.6444    55.392    .95       .0     .000 F     1.07 TR       0 Barrel                         
   200    9906 2011 06 30 19 22 00  47.6441   55.3923    .97     42.0     .175 F     1.13 TR       0 Barrel                         
   200    9906 2011 06 30 19 40 00  47.6432   55.3942   1.06    171.6     .159 F     1.43 TR       0 Barrel                         
   200    9906 2011 06 30 19 42 00  47.6431   55.3943   1.07     12.9     .107 F     1.47 TR       0 Barrel                         
   200    9906 2011 06 30 19 43 00  47.6431   55.3945   1.08     11.0     .183 F     1.48 TR       0 Barrel                         
   200    9906 2011 06 30 19 48 00  47.6428   55.3949   1.10     45.1     .150 F     1.57 TR       0 Barrel                         
   200    9906 2011 06 30 20 05 00  47.6415   55.3962   1.19    173.2     .170 F     1.85 TR       0 Barrel                         
   200    9906 2011 06 30 20 06 00  47.6415   55.3962   1.20      1.8     .030 F     1.87 TR       0 Barrel                         
   200    9906 2011 06 30 20 11 00  47.6408   55.3965   1.22     77.1     .257 F     1.95 TR       0 Barrel                         
   200    9906 2011 06 30 20 21 00  47.6401   55.3971   1.28     96.8     .161 F     2.12 TR       0 Barrel                         
   200    9906 2011 06 30 20 22 00  47.6399   55.3972   1.28     25.1     .418 F     2.13 TR       0 Barrel                         
   200    9906 2011 06 30 20 42 00  47.6383   55.3986   1.39    198.7     .166 F     2.47 TR       0 Barrel                         
   200    9906 2011 06 30 20 46 00  47.6381   55.3988   1.42     34.7     .145 F     2.53 TR       0 Barrel                         
   200    9906 2011 06 30 21 02 00   47.637   55.4003   1.51    164.1     .171 F     2.80 TR       0 Barrel                         
   200    9906 2011 06 30 21 03 00  47.6369   55.4003   1.51      8.2     .136 F     2.82 TR       0 Barrel                         
   200    9906 2011 06 30 21 08 00  47.6365   55.4008   1.54     59.9     .200 F     2.90 TR       0 Barrel                         
   200    9906 2011 06 30 21 09 00  47.6365   55.4008   1.55      1.1     .019 F     2.92 TR       0 Barrel                         
   200    9906 2011 06 30 21 24 00  47.6356   55.4031   1.63    199.3     .221 F     3.17 TR       0 Barrel                         
   200    9906 2011 06 30 21 25 00  47.6355   55.4033   1.64     10.8     .180 F     3.18 TR       0 Barrel                         
   200    9906 2011 06 30 21 30 00  47.6354   55.4042   1.66     70.4     .235 F     3.27 TR       0 Barrel                         
   200    9906 2011 06 30 21 44 00  47.6348   55.4067   1.74    200.4     .239 F     3.50 TR       0 Barrel                         
   200    9906 2011 06 30 21 53 00  47.6345   55.4082   1.79    117.2     .217 F     3.65 TR       0 Barrel                         
   200    9906 2011 06 30 21 54 00  47.6345   55.4085   1.79     23.8     .397 F     3.67 TR       0 Barrel                         
   200    9906 2011 06 30 21 56 00  47.6345   55.4088   1.80     21.8     .181 F     3.70 TR       0 Barrel                         
   200    9906 2011 06 30 21 57 00  47.6345   55.4092   1.81     25.7     .428 F     3.72 TR       0 Barrel                         
   200    9906 2011 06 30 21 59 00  47.6344   55.4094   1.82     19.5     .162 F     3.75 TR       0 Barrel                         
   200    9906 2011 06 30 22 02 00  47.6344   55.4101   1.84     48.0     .267 F     3.80 TR       0 Barrel                         
   200    9906 2011 06 30 22 06 00  47.6343   55.4109   1.86     61.5     .256 F     3.87 TR       0 Barrel                         
   200    9906 2011 06 30 22 08 00  47.6343   55.4111   1.87     17.1     .143 F     3.90 TR       0 Barrel                         
   200    9906 2011 06 30 22 22 00  47.6346   55.4137   1.93    199.7     .238 F     4.13 TR       0 Barrel                         
   200    9906 2011 06 30 22 27 00  47.6349   55.4149   1.96     91.0     .303 F     4.22 TR       0 Barrel                         
   200    9906 2011 06 30 22 31 00  47.6351   55.4154   1.98     48.5     .202 F     4.28 TR       0 Barrel                         
   200    9906 2011 06 30 22 33 00  47.6353   55.4156   1.99     23.2     .194 F     4.32 TR       0 Barrel                         
   200    9906 2011 06 30 22 36 00  47.6356   55.4163   2.00     62.1     .345 F     4.37 TR       0 Barrel                         
   200    9906 2011 06 30 22 37 00  47.6356   55.4165   2.00     11.4     .190 F     4.38 TR       0 Barrel                         
   200    9906 2011 06 30 22 38 00  47.6357   55.4166   2.01     16.6     .277 F     4.40 TR       0 Barrel                         
   200    9906 2011 06 30 22 39 00  47.6357   55.4169   2.01     16.1     .268 F     4.42 TR       0 Barrel                         
   200    9906 2011 06 30 22 42 00   47.636   55.4175   2.03     58.5     .325 F     4.47 TR       0 Barrel                         
   200    9906 2011 06 30 22 43 00  47.6361   55.4177   2.03     15.0     .250 F     4.48 TR       0 Barrel                         
   200    9906 2011 06 30 22 44 00  47.6361   55.4178   2.03     15.6     .261 F     4.50 TR       0 Barrel                         
   200    9906 2011 06 30 22 46 00  47.6364   55.4184   2.04     48.0     .400 F     4.53 TR       0 Barrel                         
   200    9906 2011 06 30 22 47 00  47.6364   55.4185   2.05     15.7     .262 F     4.55 TR       0 Barrel                         
   200    9906 2011 06 30 22 48 00  47.6365   55.4188   2.05     16.7     .278 F     4.57 TR       0 Barrel                         
   200    9906 2011 06 30 22 50 00  47.6367   55.4193   2.06     45.7     .381 F     4.60 TR       0 Barrel                         
   200    9906 2011 06 30 22 53 00  47.6369     55.42   2.07     58.8     .327 F     4.65 TR       0 Barrel                         
   200    9906 2011 06 30 23 05 00  47.6379   55.4222   2.12    200.1     .278 F     4.85 TR       0 Barrel                         
   200    9906 2011 06 30 23 15 00  47.6388   55.4242   2.15    177.7     .296 F     5.02 TR       0 Barrel                         
   200    9906 2011 06 30 23 16 00  47.6388   55.4243   2.15      9.2     .154 F     5.03 TR       0 Barrel                         
   200    9906 2011 06 30 23 27 00  47.6398    55.426   2.18    164.3     .249 F     5.22 TR       0 Barrel                         
   200    9906 2011 06 30 23 42 00  47.6408   55.4279   2.22    188.0     .209 F     5.47 TR       0 Barrel                         
   200    9906 2011 06 30 23 56 00  47.6419   55.4291   2.24    146.1     .174 F     5.70 TR       0 Barrel                         
   200    9906 2011 07 01 00 00 00  47.6422   55.4294   2.25     36.2     .151 H     5.77 TR       0 Barrel                         
   200    9906 2011 07 01 00 21 00  47.6433   55.4314   2.26    199.6     .158 S     6.12 TR       0 Barrel                         
   200    9906 2011 07 01 00 29 00  47.6435   55.4321   2.26     53.1     .111 S     6.25 TR       0 Barrel                         
   200    9906 2011 07 01 00 32 00  47.6435   55.4324   2.25     22.9     .127 H     6.30 TR       0 Barrel                         
   200    9906 2011 07 01 00 35 00  47.6436   55.4325   2.25     11.0     .061 E     6.35 TR       0 Barrel                         
   200    9906 2011 07 01 00 57 00   47.643   55.4335   2.21     98.4     .075 E     6.72 TR       0 Barrel                         
   200    9906 2011 07 01 01 12 00  47.6429   55.4342   2.16     49.9     .055 E     6.97 TR       0 Barrel                         
   200    9906 2011 07 01 01 29 00  47.6426   55.4354   2.08     99.6     .098 E     7.25 TR       0 Barrel                         
   200    9906 2011 07 01 01 46 00  47.6425   55.4367   2.00     93.5     .092 E     7.53 TR       0 Barrel                         
   200    9906 2011 07 01 01 56 00  47.6423   55.4378   1.94     85.7     .143 E     7.70 TR       0 Barrel                         
   200    9906 2011 07 01 01 57 00  47.6424   55.4379   1.93     16.1     .269 E     7.72 TR       0 Barrel                         
   200    9906 2011 07 01 02 01 00  47.6422   55.4384   1.91     43.1     .180 E     7.78 TR       0 Barrel                         
   200    9906 2011 07 01 02 19 00  47.6413   55.4408   1.79    199.3     .184 E     8.08 TR       0 Barrel                         
   200    9906 2011 07 01 02 38 00    47.64   55.4426   1.66    198.6     .174 E     8.40 TR       0 Barrel                         
   200    9906 2011 07 01 02 49 00  47.6388   55.4428   1.59    138.2     .209 E     8.58 TR       0 Barrel                         
   200    9906 2011 07 01 02 57 00   47.638   55.4423   1.53     92.3     .192 E     8.72 TR       0 Barrel                         
   200    9906 2011 07 01 03 06 00  47.6371   55.4417   1.47    107.3     .199 E     8.87 TR       0 Barrel                         
   200    9906 2011 07 01 03 10 00  47.6367   55.4414   1.45     50.8     .212 E     8.93 TR       0 Barrel                         
   200    9906 2011 07 01 03 29 00  47.6353   55.4399   1.32    198.7     .174 E     9.25 TR       0 Barrel                         
   200    9906 2011 07 01 03 59 00  47.6341   55.4379   1.14    198.4     .110 E     9.75 TR       0 Barrel                         
   200    9906 2011 07 01 04 13 00  47.6337   55.4366   1.06    105.3     .125 E     9.98 TR       0 Barrel                         
   200    9906 2011 07 01 04 17 00  47.6337   55.4364   1.04     20.8     .087 E    10.05 TR       0 Barrel                         
   200    9906 2011 07 01 04 27 00  47.6339   55.4356    .99     56.9     .095 E    10.22 TR       0 Barrel                         
   200    9906 2011 07 01 04 44 00  47.6345   55.4345    .91    106.3     .104 E    10.50 TR       0 Barrel                         
   200    9906 2011 07 01 05 04 00  47.6354   55.4324    .84    188.1     .157 E    10.83 TR       0 Barrel                         
   200    9906 2011 07 01 05 05 00  47.6354   55.4324    .83      1.7     .029 E    10.85 TR       0 Barrel                         
   200    9906 2011 07 01 05 11 00  47.6358   55.4319    .81     57.1     .159 E    10.95 TR       0 Barrel                         
   200    9906 2011 07 01 05 21 00  47.6364   55.4309    .78     98.6     .164 E    11.12 TR       0 Barrel                         
   200    9906 2011 07 01 05 25 00  47.6366   55.4304    .77     41.7     .174 E    11.18 TR       0 Barrel                         
   200    9906 2011 07 01 05 28 00  47.6366   55.4302    .76     17.8     .099 E    11.23 TR       0 Barrel                         
   200    9906 2011 07 01 05 39 00  47.6367   55.4293    .74     71.3     .108 E    11.42 TR       0 Barrel                         
   200    9906 2011 07 01 05 46 00  47.6365   55.4286    .73     53.6     .128 E    11.53 TR       0 Barrel                         
   200    9906 2011 07 01 05 56 00  47.6364   55.4278    .72     59.7     .099 H    11.70 TR       0 Barrel                         
   200    9906 2011 07 01 05 57 00  47.6364   55.4278    .72      2.4     .040 H    11.72 TR       0 Barrel                         
   200    9906 2011 07 01 06 12 00  47.6361   55.4271    .71     65.4     .073 S    11.97 TR       0 Barrel                         
   200    9906 2011 07 01 06 30 00  47.6358   55.4264    .72     55.3     .051 H    12.27 TR       0 Barrel                         
   200    9906 2011 07 01 06 31 00  47.6358   55.4264    .72      1.7     .028 H    12.28 TR       0 Barrel                         
   200    9906 2011 07 01 06 54 00  47.6355   55.4255    .75     78.5     .057 F    12.67 TR       0 Barrel                         
   200    9906 2011 07 01 07 07 00  47.6351   55.4246    .78     76.8     .098 F    12.88 TR       0 Barrel                         
   200    9906 2011 07 01 07 46 00  47.6338   55.4228    .92    199.4     .085 F    13.53 TR       0 Barrel                         
   200    9906 2011 07 01 07 50 00  47.6336   55.4226    .94     26.6     .111 F    13.60 TR       0 Barrel                         
   200    9906 2011 07 01 08 03 00  47.6335   55.4222    .99     30.9     .040 F    13.82 TR       0 Barrel                         
   200    9906 2011 07 01 09 21 00  47.6348   55.4204   1.38    200.1     .043 F    15.12 TR       0 Barrel                         
   200    9906 2011 07 01 09 27 00   47.635   55.4203   1.41     20.1     .056 F    15.22 TR       0 Barrel                         
   200    9906 2011 07 01 09 55 00  47.6357   55.4206   1.56     81.6     .049 F    15.68 TR       0 Barrel                         
   200    9906 2011 07 01 10 57 00  47.6371    55.419   1.83    198.8     .053 F    16.72 TR       0 Barrel                         
   200    9906 2011 07 01 11 02 00  47.6372    55.419   1.85     13.6     .045 F    16.80 TR       0 Barrel                         
   200    9906 2011 07 01 11 27 00  47.6377   55.4192   1.93     57.1     .038 F    17.22 TR       0 Barrel                         
   200    9906 2011 07 01 11 43 00  47.6379   55.4194   1.97     20.5     .021 F    17.48 TR       0 Barrel                         
   200    9906 2011 07 01 11 52 00  47.6383   55.4196   1.98     47.1     .087 F    17.63 TR       0 Barrel                         
   200    9906 2011 07 01 12 30 00  47.6399   55.4208   2.01    200.4     .088 S    18.27 TR       0 Barrel                         
   200    9906 2011 07 01 13 19 00  47.6417   55.4211   1.93    199.6     .068 E    19.08 TR       0 Barrel                         
   200    9906 2011 07 01 13 50 00  47.6422   55.4211   1.80     54.3     .029 E    19.60 TR       0 Barrel                         
   200    9906 2011 07 01 14 16 00  47.6429   55.4215   1.65     86.5     .055 E    20.03 TR       0 Barrel                         
   200    9906 2011 07 01 14 43 00  47.6444   55.4228   1.49    187.2     .116 E    20.48 TR       0 Barrel                         
   200    9906 2011 07 01 15 17 00  47.6459   55.4242   1.28    205.6     .101 E    21.05 TR       0 Barrel                         
   200    9906 2011 07 01 15 59 00  47.6476   55.4255   1.04    212.1     .084 E    21.75 TR       0 Barrel                         
   200    9906 2011 07 01 16 32 00    47.65   55.4267    .88    281.3     .142 E    22.30 TR       0 Barrel                         
   200    9906 2011 07 01 17 05 00  47.6511   55.4274    .75    129.4     .065 E    22.85 TR       0 Barrel                         
   200    9906 2011 07 01 17 39 00  47.6526   55.4277    .66    167.0     .082 E    23.42 TR       0 Barrel                         
   200    9906 2011 07 01 18 20 00  47.6538   55.4285    .62    148.9     .061 S    24.10 TR       0 Barrel                         
   200    9906 2011 07 01 18 49 00  47.6544   55.4288    .65     66.6     .038 F    24.58 TR       0 Barrel                         
   200    9907 2011 06 30 18 17 00  47.6348   55.4141    .74       .0     .000 F      .00 TR       0 Barrel                         
   200    9907 2011 06 30 18 54 00  47.6331     55.41    .85    542.7     .312 F      .62 TR       0 Barrel                         
   200    9907 2011 06 30 19 28 00  47.6289   55.4077   1.00    494.5     .242 F     1.18 TR       0 Barrel                         
   200    9907 2011 06 30 19 57 00   47.625   55.4041   1.15    511.7     .294 F     1.67 TR       0 Barrel                         
   200    9907 2011 06 30 20 42 00  47.6201   55.3976   1.39    733.4     .272 F     2.42 TR       0 Barrel                         
   200    9907 2011 06 30 21 11 00  47.6176   55.3946   1.56    360.0     .207 F     2.90 TR       0 Barrel                         
   200    9907 2011 06 30 21 49 00  47.6132   55.3967   1.77    510.0     .224 F     3.53 TR       0 Barrel                         
   200    9907 2011 06 30 23 14 00  47.6123   55.4049   2.14    626.5     .123 F     4.95 TR       0 Barrel                         
   200    9907 2011 06 30 23 38 00  47.6125    55.405   2.21     19.5     .014 F     5.35 TR       0 Barrel                         
   200    9907 2011 07 01 00 10 00  47.6123    55.405   2.26     20.4     .011 S     5.88 TR       0 Barrel                         
   200    9910 2011 06 30 18 18 00  47.6438   55.3962    .75       .0     .000 F      .00 TR       0 Barrel                         
   200    9910 2011 06 30 18 19 00   47.643   55.3963    .75     90.3    1.505 F      .02 TR       0 Barrel                         
   200    9910 2011 06 30 18 32 00  47.6429   55.3989    .78    199.5     .256 F      .23 TR       0 Barrel                         
   200    9910 2011 06 30 18 44 00  47.6431   55.4016    .82    199.8     .278 F      .43 TR       0 Barrel                         
   200    9910 2011 06 30 18 45 00  47.6432   55.4019    .82     21.8     .363 F      .45 TR       0 Barrel                         
   200    9910 2011 06 30 18 49 00  47.6432   55.4028    .83     68.5     .286 F      .52 TR       0 Barrel                         
   200    9910 2011 06 30 18 50 00  47.6431    55.403    .84     19.9     .332 F      .53 TR       0 Barrel                         
   200    9910 2011 06 30 18 59 00  47.6431   55.4049    .87    142.8     .264 F      .68 TR       0 Barrel                         
   200    9910 2011 06 30 19 09 00   47.643    55.407    .91    159.0     .265 F      .85 TR       0 Barrel                         
   200    9910 2011 06 30 19 11 00  47.6431   55.4075    .92     35.5     .296 F      .88 TR       0 Barrel                         
   200    9910 2011 06 30 19 26 00  47.6431   55.4102    .99    199.6     .222 F     1.13 TR       0 Barrel                         
   200    9910 2011 06 30 19 28 00  47.6433   55.4105   1.00     32.4     .270 F     1.17 TR       0 Barrel                         
   200    9910 2011 06 30 19 29 00  47.6433   55.4107   1.00     11.8     .197 F     1.18 TR       0 Barrel                         
   200    9910 2011 06 30 19 30 00  47.6433   55.4109   1.01     16.8     .280 F     1.20 TR       0 Barrel                         
   200    9910 2011 06 30 19 45 00  47.6439   55.4134   1.09    199.9     .222 F     1.45 TR       0 Barrel                         
   200    9910 2011 06 30 19 50 00  47.6441   55.4138   1.11     36.7     .122 F     1.53 TR       0 Barrel                         
   200    9910 2011 06 30 19 55 00  47.6444   55.4142   1.14     49.4     .165 F     1.62 TR       0 Barrel                         
   200    9910 2011 06 30 19 56 00  47.6445   55.4145   1.14     24.9     .416 F     1.63 TR       0 Barrel                         
   200    9910 2011 06 30 19 58 00  47.6446   55.4147   1.15     21.0     .175 F     1.67 TR       0 Barrel                         
   200    9910 2011 06 30 20 02 00  47.6448   55.4154   1.17     52.0     .217 F     1.73 TR       0 Barrel                         
   200    9910 2011 06 30 20 03 00  47.6447   55.4155   1.18      8.2     .136 F     1.75 TR       0 Barrel                         
   200    9910 2011 06 30 20 06 00  47.6449   55.4158   1.20     26.8     .149 F     1.80 TR       0 Barrel                         
   200    9910 2011 06 30 20 09 00  47.6448   55.4163   1.21     37.2     .206 F     1.85 TR       0 Barrel                         
   200    9910 2011 06 30 20 10 00  47.6448   55.4164   1.22      8.5     .142 F     1.87 TR       0 Barrel                         
   200    9910 2011 06 30 20 11 00  47.6448   55.4167   1.22     21.1     .352 F     1.88 TR       0 Barrel                         
   200    9910 2011 06 30 20 13 00  47.6449   55.4169   1.23     14.9     .125 F     1.92 TR       0 Barrel                         
   200    9910 2011 06 30 20 18 00  47.6448   55.4179   1.26     77.2     .257 F     2.00 TR       0 Barrel                         
   200    9910 2011 06 30 20 19 00  47.6448    55.418   1.27      9.1     .152 F     2.02 TR       0 Barrel                         
   200    9910 2011 06 30 20 20 00  47.6448   55.4183   1.27     22.3     .371 F     2.03 TR       0 Barrel                         
   200    9910 2011 06 30 20 23 00  47.6447   55.4188   1.29     38.5     .214 F     2.08 TR       0 Barrel                         
   200    9910 2011 06 30 20 25 00  47.6447    55.419   1.30     16.8     .140 F     2.12 TR       0 Barrel                         
   200    9910 2011 06 30 20 38 00  47.6443   55.4216   1.37    201.6     .258 F     2.33 TR       0 Barrel                         
   200    9910 2011 06 30 20 49 00  47.6439   55.4242   1.43    198.8     .301 F     2.52 TR       0 Barrel                         
   200    9910 2011 06 30 20 58 00  47.6435   55.4269   1.49    200.9     .372 F     2.67 TR       0 Barrel                         
   200    9910 2011 06 30 21 10 00  47.6432   55.4295   1.55    200.0     .278 F     2.87 TR       0 Barrel                         
   200    9910 2011 06 30 21 22 00  47.6425   55.4319   1.62    199.3     .277 F     3.07 TR       0 Barrel                         
   200    9910 2011 06 30 21 27 00  47.6421   55.4331   1.65    101.0     .337 F     3.15 TR       0 Barrel                         
   200    9910 2011 06 30 21 28 00   47.642   55.4333   1.65     14.2     .237 F     3.17 TR       0 Barrel                         
   200    9910 2011 06 30 21 38 00   47.641   55.4355   1.71    200.0     .333 F     3.33 TR       0 Barrel                         
   200    9910 2011 06 30 21 51 00  47.6401   55.4378   1.78    201.5     .258 F     3.55 TR       0 Barrel                         
   200    9910 2011 06 30 22 03 00  47.6395   55.4402   1.84    189.0     .262 F     3.75 TR       0 Barrel                         
   200    9910 2011 06 30 22 16 00   47.639   55.4427   1.91    199.3     .255 F     3.97 TR       0 Barrel                         
   200    9910 2011 06 30 22 18 00  47.6389   55.4429   1.91     14.1     .117 F     4.00 TR       0 Barrel                         
   200    9910 2011 06 30 22 22 00  47.6386   55.4436   1.93     63.1     .263 F     4.07 TR       0 Barrel                         
   200    9910 2011 06 30 22 25 00  47.6384   55.4441   1.95     46.4     .258 F     4.12 TR       0 Barrel                         
   200    9910 2011 06 30 22 26 00  47.6384   55.4442   1.95      7.6     .127 F     4.13 TR       0 Barrel                         
   200    9910 2011 06 30 22 28 00  47.6382   55.4444   1.96     24.6     .205 F     4.17 TR       0 Barrel                         
   200    9910 2011 06 30 22 30 00  47.6381   55.4448   1.97     30.6     .255 F     4.20 TR       0 Barrel                         
   200    9910 2011 06 30 22 32 00  47.6379   55.4452   1.98     39.9     .332 F     4.23 TR       0 Barrel                         
   200    9910 2011 06 30 22 33 00  47.6378   55.4454   1.99     14.9     .248 F     4.25 TR       0 Barrel                         
   200    9910 2011 06 30 22 35 00  47.6378   55.4458   1.99     33.3     .278 F     4.28 TR       0 Barrel                         
   200    9910 2011 06 30 22 37 00  47.6376   55.4461   2.00     24.7     .206 F     4.32 TR       0 Barrel                         
   200    9910 2011 06 30 22 38 00  47.6374   55.4463   2.01     25.9     .431 F     4.33 TR       0 Barrel                         
   200    9910 2011 06 30 22 40 00  47.6374   55.4468   2.02     35.2     .293 F     4.37 TR       0 Barrel                         
   200    9910 2011 06 30 22 41 00  47.6373    55.447   2.02     19.0     .316 F     4.38 TR       0 Barrel                         
   200    9910 2011 06 30 22 42 00  47.6372   55.4473   2.03     27.6     .459 F     4.40 TR       0 Barrel                         
   200    9910 2011 06 30 22 43 00  47.6372   55.4474   2.03     10.5     .175 F     4.42 TR       0 Barrel                         
   200    9910 2011 06 30 22 44 00  47.6371   55.4476   2.03     16.2     .270 F     4.43 TR       0 Barrel                         
   200    9910 2011 06 30 22 47 00  47.6369    55.448   2.05     32.4     .180 F     4.48 TR       0 Barrel                         
   200    9910 2011 06 30 22 48 00  47.6369   55.4483   2.05     23.3     .388 F     4.50 TR       0 Barrel                         
   200    9910 2011 06 30 22 49 00  47.6368   55.4484   2.05     12.1     .202 F     4.52 TR       0 Barrel                         
   200    9910 2011 06 30 22 50 00  47.6367   55.4486   2.06     14.6     .244 F     4.53 TR       0 Barrel                         
   200    9910 2011 06 30 22 53 00  47.6365   55.4491   2.07     47.7     .265 F     4.58 TR       0 Barrel                         
   200    9910 2011 06 30 22 55 00  47.6364   55.4495   2.08     31.9     .266 F     4.62 TR       0 Barrel                         
   200    9910 2011 06 30 23 00 00  47.6363   55.4503   2.10     65.0     .217 F     4.70 TR       0 Barrel                         
   200    9910 2011 06 30 23 02 00  47.6362   55.4507   2.10     29.4     .245 F     4.73 TR       0 Barrel                         
   200    9910 2011 06 30 23 14 00  47.6354    55.453   2.14    192.8     .268 F     4.93 TR       0 Barrel                         
   200    9910 2011 06 30 23 25 00  47.6348   55.4552   2.18    178.0     .270 F     5.12 TR       0 Barrel                         
   200    9910 2011 06 30 23 38 00  47.6339   55.4576   2.21    200.3     .257 F     5.33 TR       0 Barrel                         
   200    9910 2011 06 30 23 53 00  47.6327   55.4595   2.24    200.6     .223 F     5.58 TR       0 Barrel                         
   200    9910 2011 07 01 00 08 00  47.6314   55.4615   2.26    212.2     .236 S     5.83 TR       0 Barrel                         
   200    9910 2011 07 01 00 14 00  47.6307   55.4622   2.26     91.1     .253 S     5.93 TR       0 Barrel                         
   200    9910 2011 07 01 00 17 00  47.6303   55.4625   2.26     42.9     .239 S     5.98 TR       0 Barrel                         
   200    9910 2011 07 01 00 23 00  47.6295    55.463   2.26     98.1     .273 E     6.08 TR       0 Barrel                         
   200    9910 2011 07 01 00 26 00  47.6292   55.4632   2.26     40.6     .226 S     6.13 TR       0 Barrel                         
   200    9910 2011 07 01 00 41 00  47.6274   55.4639   2.24    200.0     .222 H     6.38 TR       0 Barrel                         
   200    9910 2011 07 01 00 43 00  47.6273    55.464   2.24     21.9     .182 E     6.42 TR       0 Barrel                         
   200    9910 2011 07 01 01 05 00  47.6256   55.4649   2.18    201.8     .153 E     6.78 TR       0 Barrel                         
   200    9910 2011 07 01 01 25 00   47.624   55.4662   2.10    199.2     .166 E     7.12 TR       0 Barrel                         
   200    9910 2011 07 01 01 38 00  47.6229   55.4673   2.04    143.7     .184 E     7.33 TR       0 Barrel                         
   200    9910 2011 07 01 01 48 00  47.6222   55.4682   1.98    105.9     .176 E     7.50 TR       0 Barrel                         
   200    9910 2011 07 01 01 54 00  47.6218   55.4688   1.95     63.1     .175 E     7.60 TR       0 Barrel                         
   200    9910 2011 07 01 01 55 00  47.6218   55.4688   1.94      1.7     .028 E     7.62 TR       0 Barrel                         
   200    9910 2011 07 01 01 58 00  47.6215   55.4689   1.92     32.3     .180 E     7.67 TR       0 Barrel                         
   200    9910 2011 07 01 02 34 00  47.6197   55.4692   1.69    200.1     .093 E     8.27 TR       0 Barrel                         
   200    9910 2011 07 01 03 06 00  47.6184   55.4687   1.47    147.6     .077 E     8.80 TR       0 Barrel                         
   200    9910 2011 07 01 04 17 00  47.6169   55.4672   1.04    197.9     .046 E     9.98 TR       0 Barrel                         
   200    9910 2011 07 01 04 18 00  47.6169   55.4673   1.04      8.7     .144 E    10.00 TR       0 Barrel                         
   200    9910 2011 07 01 04 59 00  47.6166   55.4673    .85     34.2     .014 E    10.68 TR       0 Barrel                         
   200    9910 2011 07 01 06 52 00  47.6171   55.4693    .75    158.1     .023 F    12.57 TR       0 Barrel                         
   200    9914 2011 06 30 18 15 00  47.6409   55.4032    .74       .0     .000 F      .00 TR       0 Barrel                         
   200    9914 2011 06 30 18 40 00   47.641   55.4024    .80     63.6     .042 F      .42 TR       0 Barrel                         
   200    9914 2011 06 30 19 14 00  47.6422   55.4114    .94    686.9     .337 F      .98 TR       0 Barrel                         
   200    9914 2011 06 30 19 58 00  47.6444   55.4145   1.15    339.5     .129 F     1.72 TR       0 Barrel                         
   200    9914 2011 06 30 20 27 00  47.6452   55.4184   1.31    304.9     .175 F     2.20 TR       0 Barrel                         
   200    9914 2011 06 30 20 57 00  47.6439   55.4277   1.48    710.0     .394 F     2.70 TR       0 Barrel                         
   200    9914 2011 06 30 21 32 00  47.6415   55.4354   1.68    630.7     .300 F     3.28 TR       0 Barrel                         
   200    9914 2011 06 30 21 57 00  47.6389   55.4422   1.81    586.8     .391 F     3.70 TR       0 Barrel                         
   200    9914 2011 06 30 22 24 00  47.6368   55.4469   1.94    421.7     .260 F     4.15 TR       0 Barrel                         
   200    9914 2011 06 30 23 12 00  47.6332   55.4531   2.14    615.1     .214 F     4.95 TR       0 Barrel                         
   200    9914 2011 06 30 23 39 00  47.6326   55.4544   2.21    115.1     .071 F     5.40 TR       0 Barrel                         
   200    9914 2011 07 01 01 56 00  47.6322   55.4558   1.94    116.8     .014 E     7.68 TR       0 Barrel                         
   200    9914 2011 07 01 02 49 00  47.6323   55.4558   1.59      5.1     .002 E     8.57 TR       0 Barrel                         
   200    9914 2011 07 01 03 05 00  47.6323   55.4558   1.48      3.8     .004 E     8.83 TR       0 Barrel                         
   200    9914 2011 07 01 03 43 00  47.6323   55.4558   1.24      3.8     .002 E     9.47 TR       0 Barrel                         
   200    9914 2011 07 01 04 19 00  47.6323   55.4558   1.03      8.5     .004 E    10.07 TR       0 Barrel                         
   200    9914 2011 07 01 04 51 00  47.6323   55.4558    .88      5.1     .003 E    10.60 TR       0 Barrel                         
   200    9914 2011 07 01 05 39 00  47.6323   55.4558    .74      2.9     .001 E    11.40 TR       0 Barrel                         
   200    9914 2011 07 01 07 11 00  47.6323   55.4557    .80      2.8     .001 F    12.93 TR       0 Barrel                         
   200    9914 2011 07 01 08 17 00  47.6323   55.4558   1.06     10.9     .003 F    14.03 TR       0 Barrel                         
   200    9914 2011 07 01 10 17 00  47.6323   55.4559   1.66      7.4     .001 F    16.03 TR       0 Barrel                         
   200    9914 2011 07 01 10 56 00  47.6322   55.4558   1.83     17.8     .008 F    16.68 TR       0 Barrel                         
   200    9914 2011 07 01 11 25 00  47.6324   55.4556   1.92     27.4     .016 F    17.17 TR       0 Barrel                         
   200    9914 2011 07 01 12 37 00  47.6317   55.4549   2.01     95.5     .022 E    18.37 TR       0 Barrel                         
   200    9914 2011 07 01 13 14 00  47.6298   55.4556   1.94    220.0     .099 E    18.98 TR       0 Barrel                         
   200    9914 2011 07 01 13 33 00  47.6289   55.4563   1.88    109.1     .096 E    19.30 TR       0 Barrel                         
   200    9914 2011 07 01 13 43 00  47.6289   55.4565   1.83      9.3     .015 E    19.47 TR       0 Barrel                         
   200    9914 2011 07 01 14 27 00  47.6278   55.4582   1.59    175.1     .066 E    20.20 TR       0 Barrel                         
   200    9914 2011 07 01 14 56 00  47.6275   55.4611   1.41    220.9     .127 E    20.68 TR       0 Barrel                         
   200    9914 2011 07 01 15 37 00  47.6278   55.4635   1.16    186.0     .076 E    21.37 TR       0 Barrel                         
   200    9914 2011 07 01 16 00 00  47.6272   55.4642   1.03     77.7     .056 E    21.75 TR       0 Barrel                         
   200    9914 2011 07 01 16 41 00  47.6253   55.4654    .84    235.3     .096 E    22.43 TR       0 Barrel                         
   200    9914 2011 07 01 17 20 00  47.6249   55.4662    .71     72.3     .031 E    23.08 TR       0 Barrel                         
   200    9914 2011 07 01 17 59 00   47.625   55.4672    .63     77.9     .033 H    23.73 TR       0 Barrel                         
   200    9914 2011 07 01 18 18 00  47.6252   55.4674    .62     24.5     .022 S    24.05 TR       0 Barrel                         
   200    9915 2011 06 30 18 28 00  47.6381     55.41    .77       .0     .000 F      .00 TR       0 Barrel                         
   200    9915 2011 06 30 19 08 00  47.6407   55.4108    .91    298.2     .124 F      .67 TR       0 Barrel                         
   200    9915 2011 06 30 19 25 00  47.6418   55.4115    .99    136.7     .134 F      .95 TR       0 Barrel                         
   200    9915 2011 06 30 20 00 00  47.6432   55.4127   1.16    171.5     .082 F     1.53 TR       0 Barrel                         
   200    9915 2011 06 30 20 18 00  47.6444   55.4147   1.26    204.3     .189 F     1.83 TR       0 Barrel                         
   200    9915 2011 06 30 21 08 00  47.6441   55.4243   1.54    719.8     .240 F     2.67 TR       0 Barrel                         
   200    9915 2011 06 30 21 42 00  47.6428   55.4322   1.73    610.2     .299 F     3.23 TR       0 Barrel                         
   200    9915 2011 06 30 22 07 00  47.6413   55.4368   1.86    379.4     .253 F     3.65 TR       0 Barrel                         
   200    9915 2011 06 30 23 17 00  47.6381   55.4511   2.15   1126.1     .268 F     4.82 TR       0 Barrel                         
   200    9915 2011 06 30 23 55 00  47.6356   55.4585   2.24    617.8     .271 F     5.45 TR       0 Barrel                         
   200    9915 2011 07 01 00 41 00  47.6323   55.4634   2.24    522.8     .189 H     6.22 TR       0 Barrel                         
   200    9915 2011 07 01 01 13 00  47.6305   55.4638   2.15    195.5     .102 E     6.75 TR       0 Barrel                         
   200    9915 2011 07 01 01 55 00  47.6262   55.4647   1.94    486.9     .193 E     7.45 TR       0 Barrel                         
   200    9915 2011 07 01 02 29 00  47.6231   55.4669   1.73    381.6     .187 E     8.02 TR       0 Barrel                         
   200    9915 2011 07 01 03 12 00  47.6205   55.4694   1.43    341.8     .132 E     8.73 TR       0 Barrel                         
   200    9915 2011 07 01 03 34 00  47.6195   55.4699   1.29    122.9     .093 E     9.10 TR       0 Barrel                         
   200    9915 2011 07 01 03 58 00  47.6192   55.4703   1.15     42.7     .030 E     9.50 TR       0 Barrel                         
   200    9915 2011 07 01 04 52 00   47.619   55.4711    .88     63.6     .020 E    10.40 TR       0 Barrel                         
   200    9915 2011 07 01 05 31 00  47.6188   55.4712    .76     17.5     .007 E    11.05 TR       0 Barrel                         
   200    9915 2011 07 01 05 54 00  47.6187   55.4717    .72     42.1     .030 E    11.43 TR       0 Barrel                         
   200    9915 2011 07 01 06 13 00  47.6187   55.4717    .71      6.8     .006 S    11.75 TR       0 Barrel                         
   200    9915 2011 07 01 06 54 00  47.6187   55.4718    .75      6.6     .003 F    12.43 TR       0 Barrel                         
   200    9915 2011 07 01 07 36 00  47.6188   55.4717    .88      9.4     .004 F    13.13 TR       0 Barrel                         
   200    9915 2011 07 01 08 05 00  47.6187   55.4717   1.00      2.4     .001 F    13.62 TR       0 Barrel                         
   200    9915 2011 07 01 08 42 00  47.6187   55.4716   1.18      8.5     .004 F    14.23 TR       0 Barrel                         
   200    9915 2011 07 01 09 23 00  47.6187   55.4718   1.39     10.9     .004 F    14.92 TR       0 Barrel                         
   200    9915 2011 07 01 10 14 00  47.6187   55.4718   1.65      3.4     .001 F    15.77 TR       0 Barrel                         
   200    9915 2011 07 01 10 46 00  47.6186   55.4717   1.79     15.4     .008 F    16.30 TR       0 Barrel                         
   200    9915 2011 07 01 11 21 00  47.6185   55.4715   1.91     19.7     .009 F    16.88 TR       0 Barrel                         
