% Device	CC1138020						
% File name	CC1138020_20150801_170916						
% Cast time (UTC)	01/08/2015 17:09						
% Cast time (local)	01/08/2015 17:09						
% Sample type	Cast						
% Cast data	Processed						
% Location source	GPS						
% Default latitude	32						
% Default altitude	0						
% Start latitude	45.19989						
% Start longitude	-65.9896599						
% Start altitude	-7.460000038						
% Start GPS horizontal error(Meter)	1.379999995						
% Start GPS vertical error(Meter)	1.669999957						
% Start GPS number of satellites	10						
% End latitude	45.1998191						
% End longitude	-65.990245						
% End altitude	-4.960000038						
% End GPS horizontal error(Meter)	1.730000019						
% End GPS vertical error(Meter)	2.299999952						
% End GPS number of satellites	9						
% Cast duration (Seconds)	90.6						
% Samples per second	5						
% Electronics calibration date	0001-01-01						
% Conductivity calibration date	30/09/2011						
% Temperature calibration date	30/09/2011						
% Pressure calibration date	30/09/2011						
% 							
Pressure (Decibar)	Depth (Meter)	Temperature (Celsius)	Conductivity (MicroSiemens per Centimeter)	Specific conductance (MicroSiemens per Centimeter)	Salinity (Practical Salinity Scale)	Sound velocity (Meters per Second)	Density (Kilograms per Cubic Meter)
0.15	0.149356084	11.15737347	35796.8204	49501.41142	31.64223083	1489.88238	1024.135557
0.45	0.448068198	11.12621424	35779.8754	49520.6544	31.65225627	1489.789655	1024.150188
0.75	0.746776966	11.13280115	35790.48672	49526.31069	31.65689347	1489.823369	1024.153994
1.05	1.045486461	11.14147429	35787.43715	49510.20656	31.64631237	1489.846124	1024.1456
1.35	1.344196055	11.12330687	35776.30017	49519.6914	31.65087125	1489.792557	1024.153695
1.65	1.642899743	11.09993354	35791.72056	49573.11143	31.68603345	1489.757429	1024.186497
1.95	1.941596839	11.08870576	35794.37307	49592.2094	31.69819552	1489.737419	1024.199282
2.25	2.240290675	11.07126595	35786.47707	49605.24137	31.70533949	1489.689457	1024.209253
2.55	2.538979813	11.05032979	35791.24133	49640.6573	31.72797415	1489.647777	1024.231881
2.85	2.837665947	11.0524547	35789.81625	49635.75511	31.72461132	1489.656163	1024.230251
3.15	3.136352012	11.05308179	35792.11045	49638.07346	31.72620476	1489.66523	1024.232739
3.45	3.435035774	11.03506903	35788.432	49657.78194	31.73801337	1489.620812	1024.246433
3.75	3.733715519	11.01903324	35787.65341	49678.80893	31.75097989	1489.584746	1024.260681
4.05	4.032391604	11.00915202	35789.75407	49695.35808	31.76147066	1489.567418	1024.271926
4.35	4.331066224	11.00827371	35786.09113	49691.48399	31.75849366	1489.565667	1024.271122
4.65	4.629741304	11.01415501	35788.38361	49686.55186	31.75554305	1489.587822	1024.269157
4.95	4.928416435	11.01283567	35787.89037	49687.68734	31.75607279	1489.588736	1024.271158
5.25	5.227088939	10.99344243	35786.21005	49712.12482	31.77106733	1489.543224	1024.287567
5.55	5.525757806	10.98351345	35785.23124	49724.48187	31.77857101	1489.522113	1024.296496
5.85	5.824424914	10.97985363	35784.13867	49728.02146	31.78053659	1489.516482	1024.300022
6.15	6.123090924	10.97041273	35777.78711	49732.24435	31.78231846	1489.490194	1024.304413
6.45	6.421756057	10.96489525	35772.67773	49732.77065	31.78192853	1489.475154	1024.306431
6.75	6.720420146	10.9596514	35772.44816	49739.70376	31.78611893	1489.466596	1024.311963
7.05	7.019081492	10.94159877	35768.66874	49759.42913	31.79790524	1489.421884	1024.325636
7.35	7.317740589	10.94155836	35769.76562	49761.01101	31.79889851	1489.427874	1024.327774
7.65	7.616400735	10.95211792	35768.15309	49744.153	31.7880294	1489.457065	1024.318837
7.95	7.915061551	10.94463682	35764.39648	49749.28063	31.79067688	1489.438729	1024.323559
8.25	8.213722904	10.9599328	35769.22266	49734.82967	31.78206533	1489.487388	1024.315552
8.55	8.512384774	10.96370229	35778.05096	49741.89069	31.78739046	1489.512067	1024.320395
8.85	8.811045581	10.95752626	35773.28841	49743.81185	31.7879138	1489.495795	1024.323238
9.15	9.109706209	10.9546175	35766.83398	49738.86036	31.78393587	1489.485653	1024.322009
9.45	9.40836538	10.93932152	35763.41992	49755.27975	31.79369308	1489.44824	1024.333623
9.75	9.707021064	10.92919827	35767.12012	49774.44786	31.8059999	1489.432187	1024.346319
10.05	10.00567403	10.92123173	35764.90416	49782.40227	31.81059455	1489.414467	1024.352638
10.35	10.30432633	10.91977366	35759.89347	49777.44822	31.80678213	1489.409648	1024.351285
10.65	10.60297667	10.90223158	35758.71011	49800.1218	31.82070778	1489.369266	1024.366529
10.95	10.90162377	10.89116645	35754.35742	49809.41128	31.82588404	1489.341256	1024.373838
11.25	11.20026896	10.88522577	35754.24805	49817.50466	31.83080918	1489.331087	1024.380061
11.55	11.498914	10.8899169	35751.49609	49807.1592	31.82388817	1489.344296	1024.37522
11.85	11.79755941	10.88627052	35749.32227	49809.19129	31.82477867	1489.337389	1024.377905
12.15	12.09620378	10.88896586	35756.98422	49816.12504	31.82989115	1489.358035	1024.382772
12.45	12.39484636	10.87354444	35748.45659	49825.65446	31.83472423	1489.314165	1024.390571
12.75	12.69348649	10.8566699	35740.4082	49837.87995	31.8412966	1489.267222	1024.399972
13.05	12.9921254	10.84940386	35729.95898	49833.40745	31.837142	1489.241389	1024.399359
13.35	13.29076359	10.84334755	35729.24805	49840.83587	31.84157688	1489.230199	1024.405219
13.65	13.58940127	10.83998706	35721.43158	49834.60446	31.83663249	1489.217255	1024.403313
13.95	13.88803846	10.82598298	35711.63699	49840.41472	31.83898096	1489.175352	1024.408926
14.25	14.18667266	10.79462928	35695.35514	49861.32816	31.84999399	1489.082303	1024.424281
14.55	14.48530201	10.76675606	35686.62695	49887.98382	31.86547979	1489.006938	1024.442509
14.85	14.78392753	10.75413036	35682.12695	49899.30756	31.87188848	1488.974748	1024.451035
15.15	15.08255109	10.74616385	35678.50781	49905.36602	31.87511318	1488.955263	1024.456279
15.45	15.38117317	10.74185419	35679.00586	49912.0802	31.87923815	1488.949859	1024.461592
15.75	15.67979504	10.74908844	35680.89521	49904.62242	31.87468176	1488.975007	1024.458156
16.05	15.97841704	10.74245429	35675.7041	49906.62338	31.87518515	1488.95697	1024.461052
16.35	16.27703801	10.74156857	35679.00781	49912.4818	31.87911081	1488.963495	1024.465619
16.65	16.57565755	10.7351861	35677.57031	49919.38507	31.88312215	1488.950584	1024.471201
16.95	16.87427516	10.72868919	35679.2505	49930.81374	31.89033039	1488.941122	1024.479291
17.25	17.17289119	10.72538638	35678.06738	49933.77399	31.89191023	1488.93622	1024.482449
17.55	17.47150585	10.71909499	35678.07146	49942.57479	31.897277	1488.925261	1024.48907
17.85	17.77011949	10.71606909	35674.11147	49941.26226	31.89585734	1488.91772	1024.489845
18.15	18.06873241	10.71374798	35675.7832	49946.84851	31.89941734	1488.918698	1024.494376
18.45	18.36734479	10.71359491	35673.48633	49943.84689	31.89714281	1488.920342	1024.493991
18.75	18.66595752	10.71388245	35669.97852	49938.5338	31.89328088	1488.921636	1024.492294
19.05	18.96457075	10.71580219	35668.77148	49934.1598	31.89028071	1488.929777	1024.490987
19.35	19.26318326	10.71210132	35671.6579	49943.37576	31.896251	1488.928757	1024.497631
19.65	19.56179403	10.70228004	35666.5957	49950.02512	31.89966624	1488.902876	1024.50334
19.95	19.86040398	10.69476366	35656.99609	49947.09649	31.89656048	1488.877314	1024.503576
20.25	20.15901345	10.68745898	35651.86886	49950.13638	31.89771427	1488.857644	1024.50709
20.55	20.45762153	10.68014431	35650.41602	49958.34056	31.90253006	1488.842358	1024.513457
20.85	20.75622781	10.67327083	35649.50479	49966.6893	31.90750048	1488.828825	1024.519867
21.15	21.05483255	10.67277908	35653.1875	49972.53987	31.91146592	1488.8368	1024.524398
21.45	21.35343659	10.66985202	35649.15527	49970.98846	31.90988647	1488.829404	1024.525031
21.75	21.65204064	10.66823959	35645.37305	49967.94551	31.90740701	1488.825602	1024.524737
22.05	21.95064475	10.66625804	35641.9303	49965.89529	31.90558745	1488.821282	1024.525021
22.35	22.24924817	10.65665722	35635.98438	49971.01124	31.90793371	1488.794856	1024.529856
22.65	22.54784952	10.63914599	35627.77457	49984.04644	31.91494112	1488.745868	1024.539678
22.95	22.8464471	10.60754681	35612.47852	50006.92509	31.92721832	1488.652992	1024.556014
23.25	23.14504212	10.59990311	35604.5625	50006.54411	31.92589371	1488.629063	1024.557652
23.55	23.44363595	10.59686661	35608.60547	50016.48862	31.93245215	1488.631094	1024.564638
23.85	23.74222768	10.58551264	35604.47461	50026.64282	31.9381476	1488.602407	1024.572376
24.15	24.04081883	10.58701544	35600.27635	50018.63167	31.93252129	1488.605901	1024.569098
24.45	24.33941086	10.59599746	35605.3736	50013.17021	31.92961263	1488.639364	1024.566655
24.75	24.63800263	10.59264469	35606.02734	50018.79974	31.93307156	1488.63652	1024.571282
25.05	24.93659587	10.58454897	35577.00888	49989.40539	31.9111122	1488.586019	1024.556929
25.35	25.23518742	10.55681896	35578.90625	50031.05914	31.93714895	1488.52345	1024.583304
25.65	25.53377194	10.5442619	35592.15518	50067.37132	31.96124129	1488.512678	1024.60557
25.95	25.83235099	10.48661222	35547.40785	50085.65996	31.96700697	1488.318536	1024.62125
26.25	26.13092876	10.45748997	35505.50781	50067.71185	31.95056255	1488.199363	1024.614755
26.55	26.42950201	10.4065027	35496.5363	50127.14274	31.98624979	1488.064886	1024.652566
26.85	26.72806645	10.38430595	35500.24219	50163.82437	32.00936164	1488.018245	1024.675691
27.15	27.0266275	10.37521669	35489.36855	50161.3444	32.00634134	1487.986926	1024.676236
27.45	27.32518724	10.36071317	35483.19215	50173.18511	32.01279421	1487.947653	1024.685077
27.75	27.62374489	10.34816699	35475.30941	50179.84302	32.01581492	1487.911229	1024.690912
28.05	27.92230012	10.33351515	35471.96581	50195.91974	32.02524474	1487.874999	1024.702094
28.35	28.22085207	10.32792054	35479.29214	50214.23793	32.03739822	1487.874577	1024.713869
28.65	28.51940257	10.34464033	35494.06422	50211.38125	32.03734497	1487.939462	1024.712365
28.95	28.81795386	10.34045648	35483.45568	50202.31657	32.03026653	1487.920801	1024.708917
29.25	29.1165062	10.33625456	35472.82292	50193.24115	32.02317844	1487.902062	1024.705465
29.55	29.41505741	10.31054827	35457.97812	50208.76177	32.0308194	1487.823949	1024.717117
29.85	29.71360552	10.29909619	35456.62937	50223.14054	32.03943905	1487.79819	1024.727125
30.15	30.01215143	10.29808044	35460.88281	50230.6108	32.04447732	1487.805581	1024.732583
30.33330947	30.19457175	10.31080627	35476.71094	50234.92053	32.04905818	1487.859865	1024.734839
