% Device	CC1138020						
% File name	CC1138020_20150801_170916						
% Cast time (UTC)	01/08/2015 17:09						
% Cast time (local)	01/08/2015 17:09						
% Sample type	Cast						
% Cast data	Up						
% Location source	GPS						
% Default latitude	32						
% Default altitude	0						
% Start latitude	45.19989						
% Start longitude	-65.9896599						
% Start altitude	-7.460000038						
% Start GPS horizontal error(Meter)	1.379999995						
% Start GPS vertical error(Meter)	1.669999957						
% Start GPS number of satellites	10						
% End latitude	45.1998191						
% End longitude	-65.990245						
% End altitude	-4.960000038						
% End GPS horizontal error(Meter)	1.730000019						
% End GPS vertical error(Meter)	2.299999952						
% End GPS number of satellites	9						
% Cast duration (Seconds)	90.6						
% Samples per second	5						
% Electronics calibration date	0001-01-01						
% Conductivity calibration date	30/09/2011						
% Temperature calibration date	30/09/2011						
% Pressure calibration date	30/09/2011						
% 							
Pressure (Decibar)	Depth (Meter)	Temperature (Celsius)	Conductivity (MicroSiemens per Centimeter)	Specific conductance (MicroSiemens per Centimeter)	Salinity (Practical Salinity Scale)	Sound velocity (Meters per Second)	Density (Kilograms per Cubic Meter)
30.33330947	30.19477891	10.30970192	35472.36719	50230.34075	32.04567293	1487.851794	1024.732387
30.15	30.01235837	10.29808044	35460.88281	50230.6108	32.04447732	1487.805581	1024.732583
29.85	29.71381023	10.32966246	35470.46001	50199.26251	32.02636274	1487.892122	1024.711781
29.55	29.41525991	10.32426721	35473.28688	50210.93101	32.0340831	1487.877174	1024.717346
29.25	29.11671032	10.33142608	35481.38271	50212.21423	32.03602044	1487.900292	1024.716286
28.95	28.81815833	10.3430592	35475.57108	50187.46521	32.02006602	1487.917782	1024.70053
28.65	28.51960465	10.34032426	35479.02935	50196.24196	32.02607195	1487.91031	1024.704311
28.35	28.22104875	10.38766428	35507.6685	50169.55656	32.01320591	1488.05961	1024.68492
28.05	27.92248748	10.40991247	35510.76491	50142.40707	31.99685751	1488.114619	1024.667054
27.75	27.6239239	10.38329601	35485.23452	50144.04891	31.99483401	1488.011826	1024.668625
27.45	27.32536147	10.38094636	35491.9494	50156.86839	32.00375595	1488.009275	1024.674613
27.15	27.0267989	10.38773826	35491.54443	50146.66968	31.99750101	1488.021118	1024.66723
26.85	26.72823591	10.38802719	35498.78125	50156.48521	32.00462293	1488.025847	1024.671369
26.55	26.42967277	10.3954143	35501.28353	50149.55218	32.00075626	1488.042713	1024.665745
26.25	26.13110841	10.3892765	35492.25781	50145.4979	31.99724498	1488.011523	1024.662688
25.95	25.83254189	10.44383219	35538.08523	50132.96114	31.99526302	1488.199648	1024.650533
25.65	25.53396544	10.55544275	35589.60723	50048.04395	31.94890022	1488.537682	1024.59405
25.35	25.23537915	10.56907463	35591.55469	50031.60056	31.93902806	1488.569478	1024.582672
25.05	24.93679042	10.55249027	35567.5451	50021.17269	31.92973585	1488.494093	1024.576911
24.75	24.6382022	10.55253506	35580.64063	50039.52681	31.94288504	1488.505221	1024.585783
24.45	24.33961414	10.55877378	35578.6222	50027.90932	31.93553414	1488.513674	1024.577633
24.15	24.04102582	10.5403429	35567.71676	50038.51097	31.94092825	1488.44944	1024.583622
23.85	23.74244013	10.52785015	35570.61719	50060.18804	31.95489923	1488.416773	1024.595273
23.55	23.44385437	10.54146767	35571.03125	50041.59027	31.9435035	1488.446704	1024.582715
23.25	23.1452652	10.5500927	35567.69922	50024.76298	31.93275045	1488.459571	1024.571509
22.95	22.84667438	10.56793213	35588.28516	50028.61149	31.93778331	1488.52442	1024.57102
22.65	22.54808038	10.61124353	35609.5218	49997.58259	31.92116618	1488.653925	1024.549309
22.35	22.24948008	10.64282894	35617.53125	49964.51223	31.90165495	1488.738003	1024.527343
22.05	21.95087501	10.66261901	35626.552	49949.43304	31.89347026	1488.793682	1024.516213
21.75	21.65226808	10.66717052	35630.56641	49948.68654	31.89361496	1488.805133	1024.514185
21.45	21.35366075	10.67083406	35634.82227	49949.52207	31.89477489	1488.814645	1024.513098
21.15	21.05505316	10.6744976	35639.07813	49950.35742	31.89593454	1488.824156	1024.512012
20.85	20.75644509	10.67523743	35638.17365	49948.05391	31.89451558	1488.820142	1024.509421
20.55	20.45783578	10.68874073	35646.45703	49940.76045	31.89108961	1488.85914	1024.503072
20.25	20.15922471	10.69381139	35645.7885	49932.72939	31.88612632	1488.866257	1024.496977
19.95	19.8606118	10.70275307	35648.28125	49923.71482	31.88092856	1488.886865	1024.490033
19.65	19.56199788	10.71115685	35658.71094	49926.5693	31.88408644	1488.915642	1024.489685
19.35	19.2633829	10.72873134	35670.23963	49918.14471	31.88033626	1488.968685	1024.482378
19.05	18.96476558	10.73406506	35665.87109	49904.5813	31.87147481	1488.972017	1024.473202
18.75	18.66614818	10.72546101	35668.74219	49920.61849	31.88195315	1488.949138	1024.481482
18.45	18.36753146	10.72175694	35661.13672	49915.14945	31.87775594	1488.925963	1024.477494
18.15	18.06891477	10.72202492	35667.90234	49924.24481	31.88436796	1488.929964	1024.481235
17.85	17.77029779	10.72662899	35666.73074	49916.17143	31.87931551	1488.935302	1024.47515
17.55	17.47167976	10.73025941	35670.40464	49916.24078	31.87992442	1488.944011	1024.473639
17.25	17.17306006	10.73959446	35668.91016	49901.11205	31.87042901	1488.960802	1024.46328
16.95	16.8744384	10.74295235	35669.79007	49897.65496	31.86850217	1488.965478	1024.459842
16.65	16.57581537	10.74767017	35668.36719	49889.0795	31.86310505	1488.970797	1024.453468
16.35	16.27719108	10.74802303	35666.90625	49886.54368	31.86147364	1488.965147	1024.450778
16.05	15.97856579	10.74663258	35661.1875	49880.48514	31.85713498	1488.950032	1024.446282
15.75	15.67993974	10.75673896	35672.45839	49882.14729	31.85964313	1488.984043	1024.445132
15.45	15.38131369	10.74824142	35665.71484	49884.57253	31.86047893	1488.949917	1024.445889
15.15	15.08268719	10.75209904	35666.15625	49879.80735	31.85768265	1488.955317	1024.441688
14.85	14.78406094	10.74848175	35670.86328	49891.43809	31.86563151	1488.947121	1024.44714
14.55	14.48543537	10.75418282	35677.33203	49892.52896	31.86721026	1488.964353	1024.446026
14.25	14.18680688	10.77606429	35678.08528	49863.06626	31.84902753	1489.015212	1024.426738
13.95	13.88817246	10.81295382	35692.09039	49831.25738	31.83094436	1489.119428	1024.404928
13.65	13.58953294	10.83713727	35702.76356	49812.5217	31.82062316	1489.18784	1024.391349
13.35	13.29089171	10.84003353	35709.48047	49817.86699	31.82488345	1489.198314	1024.392804
13.05	12.99224931	10.84646225	35705.39453	49803.23342	31.81537854	1489.204713	1024.382935
12.75	12.69360538	10.86286449	35723.84375	49806.1773	31.81951978	1489.26292	1024.381953
12.45	12.39495831	10.89848373	35737.49131	49775.76711	31.80222811	1489.363334	1024.360954
12.15	12.09630605	10.92710069	35751.24187	49755.25604	31.79112862	1489.446331	1024.345982
11.85	11.79765084	10.92120552	35738.99219	49746.3708	31.78425999	1489.412253	1024.340306
11.55	11.49899466	10.92799377	35746.41406	49747.30051	31.78583509	1489.43324	1024.338992
11.25	11.20033894	10.9214077	35745.98438	49755.82343	31.79124437	1489.411514	1024.342988
10.95	10.90168301	10.92890072	35748.41797	49748.83347	31.7872792	1489.428318	1024.33724
10.65	10.60302515	10.94664264	35759.33819	49739.46878	31.78281726	1489.480778	1024.32932
10.35	10.30436497	10.95498768	35759.32209	49727.90201	31.77569822	1489.496782	1024.32097
10.05	10.00570457	10.9382219	35750.80833	49739.25592	31.78193866	1489.440058	1024.327387
9.75	9.707044455	10.94563198	35754.34375	49733.92006	31.7791359	1489.45796	1024.322558
9.45	9.408381133	10.9573555	35746.04688	49706.16773	31.76091734	1489.472541	1024.304984
9.15	9.109714739	10.96601105	35752.19141	49702.74763	31.75961608	1489.496645	1024.301105
8.85	8.811048265	10.96673641	35758.4694	49710.47274	31.76530957	1489.501132	1024.304049
8.55	8.512381521	10.97399634	35761.36364	49704.46333	31.76200751	1489.517885	1024.298855
8.25	8.21371357	10.95590782	35738.51563	49697.69614	31.75523547	1489.440833	1024.295383
7.95	7.915048821	10.92535114	35739.04297	49740.70097	31.78234479	1489.360452	1024.320435
7.65	7.61638675	10.93691206	35744.23195	49731.91895	31.77757883	1489.390684	1024.313356
7.35	7.317726654	10.91239166	35745.13281	49767.12934	31.79984895	1489.325804	1024.33359
7.05	7.019068607	10.91304755	35738.96638	49757.6352	31.79331045	1489.31531	1024.32703
6.75	6.720407012	10.94491325	35752.13265	49731.83882	31.77882606	1489.405686	1024.308858
6.45	6.421742547	10.95116138	35758.19922	49731.63292	31.77952963	1489.423698	1024.306958
6.15	6.123077398	10.9542532	35759.10547	49728.61663	31.77787154	1489.427699	1024.303771
5.85	5.824410159	10.97145939	35764.71875	49712.6324	31.76863921	1489.472481	1024.292232
5.55	5.525740321	10.97712726	35763.93319	49703.70888	31.7630833	1489.480888	1024.285563
5.25	5.227067022	10.99533345	35762.92015	49677.16191	31.74645946	1489.520272	1024.268097
4.95	4.928388861	11.02186039	35772.65585	49654.09263	31.73325473	1489.593133	1024.251833
4.65	4.629707769	11.02405548	35771.20313	49649.05068	31.7300513	1489.592091	1024.2476
4.35	4.331026654	11.0118494	35764.17969	49656.12747	31.73379916	1489.548563	1024.25129
4.05	4.032346844	11.01009274	35770.23438	49666.95676	31.74141135	1489.546588	1024.256159
3.75	3.733668474	11.00241248	35769.41253	49676.41064	31.74736548	1489.521692	1024.260774
3.45	3.434990627	11.0070691	35774.35596	49676.85076	31.74833868	1489.534377	1024.259359
3.15	3.136311689	11.01125075	35772.19473	49668.08148	31.74271755	1489.537442	1024.252898
2.85	2.837630745	11.01465607	35767.58594	49656.98669	31.73535561	1489.535669	1024.245219
2.55	2.53894878	11.01574516	35770.79688	49659.94277	31.73770453	1489.537407	1024.245497
2.25	2.240263896	11.03688526	35768.8125	49628.05781	31.71761311	1489.582922	1024.224817
1.95	1.941574083	11.06509867	35783.98228	49610.26533	31.70832822	1489.666364	1024.2113
1.65	1.642879582	11.08636514	35784.28065	49581.44234	31.69040748	1489.714861	1024.192278
1.35	1.3441791	11.10079193	35772.61328	49545.4689	31.66662548	1489.73217	1024.169897
1.05	1.045475198	11.11031246	35782.86719	49546.60421	31.66863556	1489.763204	1024.168431
0.75	0.746771798	11.10686207	35786.625	49556.54265	31.67542631	1489.754277	1024.172959
0.45	0.448066997	11.11193468	35774.8696	49533.30514	31.65962384	1489.748208	1024.158424
0.15	0.149356084	11.15737347	35796.8204	49501.41142	31.64223083	1489.88238	1024.135557
