% Device	CC1138020		
% File name	CC1138020_20150801_170916		
% Cast time (UTC)	01/08/2015 17:09		
% Cast time (local)	01/08/2015 17:09		
% Sample type	Cast		
% Cast data	Raw		
% Location source	GPS		
% Default latitude	32		
% Default altitude	0		
% Start latitude	45.19989		
% Start longitude	-65.9896599		
% Start altitude	-7.460000038		
% Start GPS horizontal error(Meter)	1.379999995		
% Start GPS vertical error(Meter)	1.669999957		
% Start GPS number of satellites	10		
% End latitude	45.1998191		
% End longitude	-65.990245		
% End altitude	-4.960000038		
% End GPS horizontal error(Meter)	1.730000019		
% End GPS vertical error(Meter)	2.299999952		
% End GPS number of satellites	9		
% Cast duration (Seconds)	90.6		
% Samples per second	5		
% Electronics calibration date	0001-01-01		
% Conductivity calibration date	30/09/2011		
% Temperature calibration date	30/09/2011		
% Pressure calibration date	30/09/2011		
% 			
Time (Seconds)	Pressure (Decibar)	Temperature (Celsius)	Conductivity (MicroSiemens per Centimeter)
0.2	0	19.28732681	8.990652084
0.4	0.00765004	19.27538681	13.13263035
0.6	0.00885038	19.25598335	13.1083622
0.8	0.005989976	19.26090622	13.07441521
1	0.001456826	19.25147438	13.04945946
1.2	0.001225701	19.23299789	13.03998947
1.4	-0.000201331	19.2326622	13.02219009
1.6	-0.000432455	19.20703125	13.0110302
1.8	0.001245676	19.18708801	12.95705509
2	0.002444109	19.18302727	12.94191933
2.2	0.001019938	19.1608696	12.91214371
2.4	0.001979952	19.16146088	12.61245441
2.6	0.004852084	19.15825272	12.3351984
2.8	0.001276423	19.15903664	12.22693253
3	0.002239299	19.1466713	12.21671677
3.2	0.000572895	19.14290619	12.20628738
3.4	0.004639026	19.15417862	12.23907948
3.6	0.00225832	19.21838951	12.26680088
3.8	0.002263706	19.22059059	12.24433994
4	0.002270047	19.19103241	12.20262527
4.2	-0.001306568	19.20392227	12.17646217
4.4	-0.001299274	19.2171402	12.17684937
4.6	-0.002249469	19.20959091	12.19274902
4.8	-9.35E-05	19.14709854	12.16458893
5	-8.63E-05	19.09459305	12.15533638
5.2	0.000636297	19.03709412	12.19384575
5.4	0.001121382	19.01954651	12.20573997
5.6	-6.72E-05	18.9896431	12.19202995
5.8	0.002802992	18.99171638	12.21144676
6	0.002571868	18.98531342	12.28451824
6.2	0.004250953	18.9801445	12.26991653
6.4	0.001391502	18.93205643	12.21626854
6.6	0.00163626	18.87430191	12.1929493
6.8	0.004270927	18.8534584	12.20336914
7	0.001410522	18.82071877	12.34984779
7.2	0.007146538	18.7810936	12.98319435
7.4	0.009065949	18.75744629	13.0575304
7.6	0.007878289	18.7481041	13.14145851
7.8	0.009557374	18.73809624	13.14221478
8	0.009561807	18.73882866	13.35274124
8.2	0.005031518	18.75881577	13.28002357
8.4	0.004559114	18.75680923	13.17837906
8.6	0.00599978	18.74785805	13.09137726
8.8	0.006482958	18.76492882	13.12194157
9	0.012460253	18.7866497	13.18130493
9.2	0.013899012	18.75469971	13.27050972
9.4	0.015579051	18.71190262	13.6419878
9.6	0.016779391	18.66629219	13.97941208
9.8	0.010335078	18.60652351	14.11990547
10	0.01583649	18.56561279	14.32890511
10.2	0.014886295	18.53244781	24.70752907
10.4	0.145081577	16.29458237	29447.94727
10.6	0.231089313	13.5364399	35108.69141
10.8	0.138402325	12.87483025	35988.24219
11	0.120252613	12.61747742	35635.42969
11.2	0.153704312	12.52690506	35247.82031
11.4	0.194560338	12.46925926	34907.61328
11.6	0.240676831	12.40006161	32258.42969
11.8	0.297308538	12.33810902	35089.74219
12	0.361829038	12.26390934	35582.77734
12.2	0.445470709	12.13612366	35932.98047
12.4	0.504745047	12.05906963	36062.92578
12.6	0.522675696	12.05055428	36117.06641
12.8	0.527942503	12.04329014	36178.46875
13	0.525079238	12.00307846	36174.76953
13.2	0.522696624	11.97136116	36152.39063
13.4	0.506212028	11.9288969	36134.01563
13.6	0.476823265	11.90547466	36131.26172
13.8	0.453168945	11.89162922	36125.37891
14	0.435969093	11.884202	36124.27344
14.2	0.439800621	11.87478161	36157.17969
14.4	0.457252526	11.87258244	36186.625
14.6	0.484741852	11.91481495	36154.27734
14.8	0.514621087	11.90386105	36106.66406
15	0.528489083	11.91596222	36086.37891
15.2	0.538295381	11.93883514	36095.87891
15.4	0.538542047	11.95537567	36094.41406
15.6	0.528508104	11.98071766	36113.375
15.8	0.520628511	11.98896503	36144.20313
16	0.513702593	11.97661304	36178.85547
16.2	0.499131068	11.98035431	36199.36328
16.4	0.482169634	11.98820496	36224.64453
16.6	0.472853808	12.00143051	36217.11719
16.8	0.46425896	12.01697254	36229.99219
17	0.455182506	12.03590965	36230.73828
17.2	0.445152378	12.05934238	36255.53125
17.4	0.437034366	12.07521343	36270.3125
17.6	0.430588146	12.08279705	36275.69922
17.8	0.429399533	12.08726883	36280.97656
18	0.429644291	12.11211777	36280.13281
18.2	0.440405217	12.09879589	36322.94141
18.4	0.452837933	12.09866905	36331.67969
18.6	0.467659604	12.11087799	36332.00781
18.8	0.494194303	12.11628342	36286.48047
19	0.519056257	12.10653877	36221.80469
19.2	0.549416143	12.08630562	36174.60156
19.4	0.575473051	12.04264545	36160.60938
19.6	0.594123724	12.01818562	36170.28906
19.8	0.600344206	12.0346632	36168.72656
20	0.593178916	12.0535841	36190.90625
20.2	0.580278228	12.04006195	36209.25
20.4	0.57000682	12.01788902	36222.09375
20.6	0.559020156	11.99399567	36227.61328
20.8	0.551378029	11.98866367	36207.33594
21	0.53728334	11.98282146	36202.04297
21.2	0.522471489	11.98541641	36201.3125
21.4	0.512439453	12.02805042	36214.96094
21.6	0.512925492	12.06010056	36218.54688
21.8	0.606384286	12.05501652	36097.16016
22	0.85238424	11.75939465	35813.25391
22.2	1.226895624	11.27352238	35800.89844
22.4	1.698257402	11.14516735	35816.52344
22.6	2.131808855	11.11093616	35806.85938
22.8	2.589305162	11.08652306	35812.63672
23	3.08444681	11.09512043	35812.125
23.2	3.571723505	11.06311512	35802.53125
23.4	4.033113665	11.00821114	35809.27734
23.6	4.427529185	11.0046978	35808.00391
23.8	4.878819934	11.00381088	35803.125
24	5.286606922	10.9915514	35809.5
24.2	5.704928196	10.98824787	35803.55859
24.4	6.165795742	10.98657227	35796.46875
24.6	6.554458698	10.97862911	35787.15625
24.8	6.96352647	10.97014999	35798.37109
25	7.373994236	10.97072506	35794.39844
25.2	7.830942181	10.9639225	35789.75
25.4	8.259424855	10.96395779	35799.92969
25.6	8.676781965	10.95340824	35794.73828
25.8	9.085164998	10.94322395	35781.47656
26	9.517655012	10.92128754	35780.79297
26.2	9.957122106	10.90424156	35779
26.4	10.37142555	10.88455963	35760.46484
26.6	10.79439599	10.85782051	35758.08203
26.8	11.22990533	10.84904385	35762.51172
27	11.66829668	10.85184002	35756.57813
27.2	12.09843112	10.85083103	35762.72656
27.4	12.5341045	10.84860516	35759.42188
27.6	12.96756917	10.85234547	35754.52344
27.8	13.38596197	10.84666157	35749.01563
28	13.80042372	10.83901215	35731.18359
28.2	14.21653915	10.81319427	35712.625
28.4	14.63600578	10.7793293	35695.92188
28.6	15.04594712	10.74022865	35690.85938
28.8	15.45631761	10.73546696	35692.29688
29	15.86688265	10.74143791	35689.33203
29.2	16.28006267	10.7351141	35691.10938
29.4	16.68320622	10.72270203	35686.77344
29.6	17.08604459	10.71442604	35688.71094
29.8	17.49271864	10.70793056	35685.73828
30	17.9027439	10.70550919	35681.49219
30.2	18.30002616	10.70543289	35685.83594
30.4	18.70016754	10.70230389	35671.21484
30.6	19.11293367	10.69753933	35671.67188
30.8	19.51172464	10.69340324	35674.48047
31	19.90824206	10.68677425	35665.71094
31.2	20.29931209	10.68110657	35657.94922
31.4	20.69396984	10.67154789	35654.375
31.6	21.08659436	10.67106056	35667.29688
31.8	21.47106115	10.66886997	35663.48828
32	21.85324675	10.66930866	35660.17969
32.2	22.24832603	10.6704855	35654.4375
32.4	22.64871918	10.66704845	35646.02734
32.6	23.04634286	10.64716148	35636.67188
32.8	23.43677965	10.65226555	35646.17969
33	23.83498698	10.64317513	35638.33203
33.2	24.22084614	10.63368797	35632.83594
33.4	24.60072003	10.63275433	35631.41406
33.6	24.98369146	10.61660767	35586.47266
33.8	25.36535826	10.54456329	35566.25781
34	25.74471335	10.53308105	35594.70313
34.2	26.11167068	10.52570343	35518.75781
34.4	26.48370156	10.41759109	35491.78906
34.6	26.85218095	10.38058472	35501.70313
34.8	27.22499384	10.36686897	35487.91797
35	27.60090427	10.34556484	35474.57422
35.2	27.97622723	10.3316288	35471.00781
35.4	28.36328801	10.32742882	35479.05859
35.6	28.75296949	10.34465218	35494.10547
35.8	29.13096655	10.33625603	35472.82031
36	29.51034835	10.31054688	35457.97656
36.2	29.87728279	10.29909515	35456.62891
36.4	30.18185075	10.29808044	35460.88281
36.6	30.33331201	10.31080627	35476.71094
36.8	30.30638278	10.30970192	35472.36719
37	30.21126583	10.30600929	35461.71875
37.2	30.16137211	10.3127346	35475.63281
37.4	30.17916638	10.31900787	35480.40234
37.6	30.23376867	10.32836914	35479.87891
37.8	30.2646588	10.33681488	35480.60156
38	30.25552131	10.34606171	35491.4375
38.2	30.2290918	10.34096718	35501.66797
38.4	30.21501809	10.33837986	35500.48438
38.6	30.22960039	10.3428793	35512.17188
38.8	30.2451707	10.35120583	35533.65625
39	30.24937702	10.36167049	35533.98438
39.2	30.23184338	10.380867	35547.75781
39.4	30.22196584	10.37305546	35556.16797
39.6	30.22024412	10.37109947	35558.10938
39.8	30.21926246	10.38166618	35554.58203
40	30.22371673	10.39208794	35569.41797
40.2	30.21951928	10.39765739	35575.74609
40.4	30.21310548	10.39993095	35593.35156
40.6	30.20841593	10.39568996	35600.91406
40.8	30.18717822	10.38850212	35581.56641
41	30.13036465	10.36578655	35533.93359
41.2	30.02687062	10.3482008	35472.25391
41.4	29.88682798	10.33634758	35468.60938
41.6	29.74360388	10.32312584	35472.26953
41.8	29.61989959	10.32327843	35467.48828
42	29.50732277	10.32626915	35474.50391
42.2	29.42093003	10.32307434	35480.00391
42.4	29.35107782	10.32705975	35477.34375
42.6	29.27135699	10.33169842	35487.21875
42.8	29.16943843	10.33420563	35479.58594
43	29.07690022	10.33762741	35478.60938
43.2	28.97944104	10.34533024	35471.00781
43.4	28.85361578	10.34529495	35476.87109
43.6	28.69401518	10.33994102	35482.04688
43.8	28.54208976	10.34072685	35475.85938
44	28.42791077	10.36556816	35491.60547
44.2	28.34235726	10.38956833	35513.76563
44.4	28.26691271	10.40111732	35513.78125
44.6	28.20034877	10.40787125	35520.45703
44.8	28.16091114	10.40991688	35523.46094
45	28.14439984	10.41232967	35520.26563
45.2	28.13355718	10.42641258	35534.17578
45.4	28.08894682	10.41755581	35529.17969
45.6	27.98074164	10.40473747	35494.75
45.8	27.84987716	10.39138794	35485.42188
46	27.72173638	10.37862015	35486.54297
46.2	27.6002675	10.37951088	35483.65234
46.4	27.45196222	10.37999725	35495.41406
46.6	27.30565204	10.38190842	35488.4375
46.8	27.17561535	10.38643265	35492.55078
47	27.02762669	10.3888855	35490.66016
47.2	26.83927854	10.38802719	35498.78125
47.4	26.63300894	10.39345169	35506.49219
47.6	26.43145049	10.39742279	35495.95313
47.8	26.22502067	10.3892765	35492.25781
48	26.0360965	10.39367771	35504.02734
48.2	25.8395849	10.49205017	35570.82813
48.4	25.68712923	10.54346085	35583.59766
48.6	25.55584514	10.56935692	35596.58594
48.8	25.38475468	10.56907463	35591.55469
49	25.19231335	10.55523109	35568.64844
49.2	24.99646932	10.54979706	35566.46094
49.4	24.77610442	10.55253506	35580.64063
49.6	24.54793464	10.55349541	35572.04297
49.8	24.36499573	10.56535721	35586.82813
50	24.23143426	10.55442047	35579.92188
50.2	24.07187944	10.52855873	35557.5
50.4	23.83553095	10.52785015	35570.61719
50.6	23.54945026	10.54146767	35571.03125
50.8	23.25094128	10.5500927	35567.69922
51	22.96650472	10.56793213	35588.28516
51.2	22.7049449	10.6053257	35608.28516
51.4	22.51477332	10.61938286	35611.22266
51.6	22.36726532	10.64282894	35617.53125
51.8	22.18622612	10.66052818	35631.88281
52	21.94620027	10.66419601	35622.53125
52.2	21.60830835	10.66717052	35630.56641
52.4	21.24067324	10.6744976	35639.07813
52.6	20.96174511	10.67395592	35639.80078
52.8	20.80886219	10.67641068	35635.82813
53	20.74796308	10.67816162	35636.60938
53.2	20.61541823	10.68874073	35646.45703
53.4	20.38924354	10.68911076	35639.38672
53.6	20.12450798	10.69782734	35651.25781
53.8	19.85740349	10.70275307	35648.28125
54	19.62848031	10.71115685	35658.71094
54.2	19.44968989	10.72093296	35663.94531
54.4	19.33198039	10.73230076	35675.40234
54.6	19.21404201	10.73699093	35674.62891
54.8	19.03752705	10.73406506	35665.87109
55	18.78367483	10.72546101	35668.74219
55.2	18.48451544	10.72175694	35661.13672
55.4	18.1730117	10.72202492	35667.90234
55.6	17.95499664	10.7266922	35662.52344
55.8	17.75897713	10.72655869	35671.41016
56	17.57445894	10.72746468	35665.70313
56.2	17.4289651	10.73380375	35676.36719
56.4	17.28276935	10.73959446	35668.91016
56.6	17.07544689	10.74295235	35671.14844
56.8	16.82092709	10.74295235	35668.68359
57	16.57499609	10.74767017	35668.36719
57.2	16.28459525	10.74802303	35666.90625
57.4	16.03905525	10.74663258	35661.1875
57.6	15.87799744	10.74981117	35671.93359
57.8	15.76366967	10.75443745	35675.25
58	15.61287912	10.76588345	35670.90234
58.2	15.40545367	10.74824142	35665.71484
58.4	15.15456356	10.75209904	35666.15625
58.6	14.87361363	10.74848175	35670.86328
58.8	14.62894719	10.75418282	35677.33203
59	14.39187582	10.76293278	35674.12891
59.2	14.19080375	10.79154682	35682.75
59.4	14.0512017	10.80888653	35692.67969
59.6	13.93297913	10.81775665	35691.39453
59.8	13.75191514	10.83217907	35699.15234
60	13.53036387	10.84118938	35705.71484
60.2	13.289947	10.84003353	35709.48047
60.4	13.0248624	10.84646225	35705.39453
60.6	12.78336979	10.86286449	35723.84375
60.8	12.55430547	10.88998699	35726.34766
61	12.35994917	10.90849781	35750.625
61.2	12.2240245	10.92743683	35753.72266
61.4	12.06874405	10.92680645	35749.07031
61.6	11.82533456	10.92120552	35738.99219
61.8	11.53938356	10.92799377	35746.41406
62	11.23368006	10.9214077	35745.98438
62.2	10.98614307	10.92890072	35748.41797
62.4	10.77931461	10.93946362	35754.47266
62.6	10.5942986	10.95466805	35764.77734
62.8	10.45574751	10.95719624	35757.03125
63	10.34646849	10.95218754	35762.22656
63.2	10.17290801	10.93679523	35749.40234
63.4	9.921083298	10.93920517	35751.77734
63.6	9.607006539	10.94563198	35754.34375
63.8	9.346888673	10.9573555	35746.04688
64	9.124517236	10.96601105	35752.19141
64.2	8.916920122	10.96454239	35763.6875
64.4	8.745331842	10.96939087	35752.15625
64.6	8.623718004	10.97902489	35766.84766
64.8	8.501160029	10.96900654	35755.92188
65	8.304570223	10.95590782	35738.51563
65.2	8.072820353	10.92535114	35739.04297
65.4	7.799667666	10.93929195	35745.26172
65.6	7.533345195	10.93447113	35743.17578
65.8	7.322999591	10.91239166	35745.13281
66	7.130049007	10.90813637	35730.47656
66.2	6.967482487	10.91887665	35749.04297
66.4	6.835527004	10.94039917	35749.02734
66.6	6.70070287	10.94933128	35755.17188
66.8	6.493452893	10.95116138	35758.19922
67	6.224408635	10.9542532	35759.10547
67.2	5.917446286	10.97145939	35764.71875
67.4	5.638724141	10.97377491	35761.82813
67.6	5.458647207	10.98231602	35767.19141
67.8	5.316108801	10.9905529	35761.17188
68	5.174795866	11.00015545	35764.68359
68.2	5.06642475	11.00673962	35772.42578
68.4	4.962872549	11.0253458	35774.42188
68.6	4.810807891	11.03026295	35771.61719
68.8	4.566550582	11.02405548	35771.20313
69	4.276506416	11.0118494	35764.17969
69.2	3.998083724	11.01009274	35770.23438
69.4	3.782605445	11.00655079	35772.17578
69.6	3.607724129	10.9973135	35766.00781
69.8	3.453262886	11.00694084	35771.40625
70	3.345352394	11.00725269	35778.57813
70.2	3.241529351	11.00649738	35773.21094
70.4	3.058849839	11.01395226	35771.61719
70.6	2.804074456	11.01465607	35767.58594
70.8	2.479659867	11.01574516	35770.79688
71	2.185060953	11.03688526	35768.8125
71.2	1.988482591	11.0584383	35782.09375
71.4	1.84125783	11.07399178	35786.50391
71.6	1.734032076	11.08259296	35780.87109
71.8	1.667505328	11.0855484	35792.09766
72	1.574658122	11.09130669	35782.61719
72.2	1.386598933	11.10079193	35772.61328
72.4	1.133524905	11.11031246	35782.86719
72.6	0.839401874	11.10686207	35786.625
72.8	0.565935428	11.1027956	35780.41406
73	0.370452839	11.12471962	35767.11328
73.2	0.240241627	11.14494514	35785.99219
73.4	0.153285267	11.16378307	35806
73.6	0.086645031	11.17329407	35799.12891
73.8	0.038160847	11.22397614	15934.36035
74	0.004012296	11.29769802	3177.911133
74.2	-0.001475482	11.39592743	2460.589355
74.4	-0.001708514	11.48122025	2177.944824
74.6	-0.00050722	11.54601383	1945.617554
74.8	0.004275122	11.62235451	1696.030029
75	0.004759253	11.69314671	1556.952881
75.2	0.001422964	11.74626446	1675.348999
75.4	-4.07E-06	11.78521442	1549.528198
75.6	0.0009569	11.80300903	1476.401367
75.8	-0.00023076	11.8259964	1401.221436
76	-0.000940629	11.85202122	1596.569092
76.2	-0.000457451	11.87058067	2018.47998
76.4	-0.000211739	11.89772034	2227.470459
76.6	-0.000204445	11.9414463	2101.211426
76.8	-0.001393059	11.96457386	1898.667847
77	-0.000431137	11.994524	1696.89563
77.2	0.002201623	12.03117275	1558.740967
77.4	5.93E-05	12.05965519	1460.864746
77.6	6.57E-05	12.08813858	1384.755371
77.8	0.002699388	12.11769009	1428.793335
78	-0.000398482	12.13472462	1389.453369
78.2	-0.001348677	12.17464447	1396.197754
78.4	-0.001821081	12.21818924	1376.614502
78.6	-0.00133695	12.2787056	1312.942139
78.8	-0.003000494	12.34810352	1221.609497
79	-0.00060806	12.40243816	1191.755005
79.2	-0.001555394	12.44836426	1114.945679
79.4	-0.002504636	12.47916794	988.2088623
79.6	-0.002499249	12.51300049	903.8759766
79.8	-0.002014164	12.58945656	829.286377
80	-0.001530987	12.63951778	801.3617554
80.2	-0.002718647	12.68726444	828.508606
80.4	-0.001278934	12.75856209	834.0332031
80.6	0.000399197	12.83007526	825.2999268
80.8	-0.000550044	12.87369823	958.3879395
81	-0.001499286	12.89253235	1032.584961
81.2	-0.000775782	12.93005848	1020.50354
81.4	-0.001248187	12.94875336	988.1884766
81.6	-4.78E-05	12.97949886	954.1685791
81.8	-4.06E-05	13.00734615	918.1851196
82	-0.000989794	13.02817059	903.2167358
82.2	-0.001939035	13.08226776	896.2994995
82.4	-0.001216485	13.14490223	881.6745605
82.6	0.001178809	13.2023468	842.7081909
82.8	-7.90E-06	13.26010513	802.109375
83	0.00047528	13.32998753	787.8995361
83.2	0.001676574	13.39120483	772.6995239
83.4	0.002875961	13.45754242	749.7477417
83.6	0.000255882	13.52040958	727.3115845
83.8	-0.000693359	13.52486992	700.2892456
84	0.001223191	13.53658962	677.0031738
84.2	-0.00044226	13.5742321	678.9273071
84.4	-0.000914664	13.60113907	703.9393921
84.6	-0.000190207	13.62850857	713.4517822
84.8	-0.001377867	13.63026524	706.8818359
85	0.00029931	13.63483238	698.2783203
85.2	0.000545023	13.64776993	707.9248657
85.4	-0.001599173	13.65266991	726.0566406
85.6	-0.001352506	13.69073105	706.5019531
85.8	-0.001586492	13.73407459	706.3874512
86	-0.000862035	13.77836895	651.9165649
86.2	0.001292933	13.82035542	616.7219238
86.4	0.000343692	13.87377453	581.1106567
86.6	0.001305614	13.90608025	552.1331787
86.8	-0.001554791	13.91851616	542.446167
87	-0.001068752	13.9087677	535.7081299
87.2	-0.00034811	13.90782356	532.6394653
87.4	-0.002728817	13.92934322	517.8990479
87.6	-0.00272343	13.97868252	509.3017883
87.8	-0.001044345	14.02355194	501.5578918
88	-0.001515796	14.06219387	498.1752625
88.2	-0.001270083	14.09792995	494.3814392
88.4	-0.000547534	14.12857437	493.4526978
88.6	-0.001736147	14.15996456	488.693512
88.8	-0.000774225	14.16382694	482.7994385
89	-0.001244722	14.18737984	473.1987
89.2	-0.000522173	14.22713661	466.340332
89.4	-0.000754251	14.25525761	458.0811462
89.6	-0.000509492	14.28146362	452.6490173
89.8	0.001168639	14.29758358	441.2568665
90	-1.90E-05	14.29788876	425.2623901
90.2	0.000225738	14.31652164	410.0045471
90.4	-0.00072255	14.32658577	397.2553101
90.6	0	14.34682846	387.0614624
